,timestamp,open,high,low,close,volume
0,2020-03-20,83.25,84.11,78.59,79.69,1760580
1,2020-03-19,75.9,89.94,72.01,82.91,1670992
2,2020-03-18,86.57,86.98,74.12,75.85,1853850
3,2020-03-17,84.47,91.6,80.68,88.54,1903719
4,2020-03-16,92.0,92.0,82.01,82.7,1596974
5,2020-03-13,95.39,99.58,91.31,94.8,1650570
6,2020-03-12,98.97,102.0,90.22,93.47,1855226
7,2020-03-11,112.0,112.0,105.51,106.35,1358080
8,2020-03-10,111.81,114.46,108.8461,110.9,1400727
9,2020-03-09,112.04,116.75,110.13,111.77,1378004
10,2020-03-06,115.0,119.1,114.075,116.77,1401372
11,2020-03-05,115.92,121.09,115.7089,115.95,1588813
12,2020-03-04,117.52,119.72,115.0,118.59,1310865
13,2020-03-03,117.99,119.44,116.15,117.21,1188843
14,2020-03-02,112.96,118.18,112.42,118.18,1232944
15,2020-02-28,122.74,122.74,111.86,114.0,1920080
16,2020-02-27,120.35,126.17,119.66,121.23,1424089
17,2020-02-26,123.93,125.17,122.325,123.81,860801
18,2020-02-25,122.59,122.6,120.145,122.1,703611
19,2020-02-24,120.68,124.27,119.94,121.99,736534
20,2020-02-21,122.21,124.55,120.46,122.61,2379522
21,2020-02-20,120.06,122.83,119.88,122.83,646846
22,2020-02-19,124.17,124.82,120.14,120.44,577786
23,2020-02-18,123.0,125.46,121.69,123.54,823174
24,2020-02-14,124.4,125.79,123.63,125.63,371899
25,2020-02-13,122.86,124.3,122.52,124.27,331503
26,2020-02-12,122.93,123.85,121.78,123.53,356263
27,2020-02-11,123.39,124.65,122.58,123.31,422076
28,2020-02-10,122.01,123.81,121.32,123.69,526216
29,2020-02-07,125.0,127.25,122.0,122.54,860495
30,2020-02-06,123.95,127.93,122.75,127.93,988978
31,2020-02-05,122.95,124.18,122.44,123.77,1134173
32,2020-02-04,123.01,124.835,122.14,122.47,831545
33,2020-02-03,124.0,124.75,122.08,123.86,530312
34,2020-01-31,122.47,124.19,122.26,123.22,540030
35,2020-01-30,121.2,123.3,121.17,123.18,410179
36,2020-01-29,120.95,122.72,120.38,121.5,386732
37,2020-01-28,120.1,122.18,119.94,121.2,643970
38,2020-01-27,119.25,121.61,119.05,119.73,671230
39,2020-01-24,120.0,120.29,118.87,119.81,410866
40,2020-01-23,118.39,119.98,117.81,119.62,420090
41,2020-01-22,119.49,119.97,117.89,118.72,607286
42,2020-01-21,116.4,117.8,116.275,117.39,662300
43,2020-01-17,117.33,117.76,116.02,116.53,661582
44,2020-01-16,116.76,117.73,116.27,117.53,510446
45,2020-01-15,115.74,116.97,114.97,116.87,829414
46,2020-01-14,114.99,116.22,114.68,115.49,723303
47,2020-01-13,115.77,115.77,114.4525,115.09,704460
48,2020-01-10,116.6,116.6,115.81,115.85,917376
49,2020-01-09,117.31,117.38,115.88,116.01,789275
50,2020-01-08,117.75,118.55,115.71,117.01,1039282
51,2020-01-07,119.99,119.99,118.07,118.22,514795
52,2020-01-06,120.49,120.98,119.29,120.19,603935
53,2020-01-03,119.03,122.12,119.03,121.33,599749
54,2020-01-02,119.7,120.18,118.28,119.52,460743
55,2019-12-31,118.59,120.0,118.42,120.0,384599
56,2019-12-30,119.07,119.255,117.52,119.25,423946
57,2019-12-27,119.09,119.5,118.65,118.84,377328
58,2019-12-26,119.0,119.05,118.32,119.05,286341
59,2019-12-24,118.16,118.99,117.51,118.97,316381
60,2019-12-23,118.79,119.53,117.32,118.3,573646
61,2019-12-20,121.5,121.5,117.85,119.02,1327286
62,2019-12-19,116.47,117.83,115.65,117.56,676634
63,2019-12-18,116.58,116.75,115.52,116.43,668382
64,2019-12-17,117.49,117.885,115.9,116.71,1073095
65,2019-12-16,115.27,117.15,114.66,117.09,834323
66,2019-12-13,116.05,116.32,114.14,115.5,482777
67,2019-12-12,115.27,116.04,114.2,115.42,742051
68,2019-12-11,115.5,116.12,114.65,115.7,514454
69,2019-12-10,118.93,119.74,115.66,115.66,758420
70,2019-12-09,119.98,121.85,118.94,119.66,491121
71,2019-12-06,120.59,121.0,119.33,120.59,445588
72,2019-12-05,120.67,121.39,119.34,119.87,543679
73,2019-12-04,119.36,120.96,119.36,120.24,494396
74,2019-12-03,119.38,120.59,118.72,120.07,722245
75,2019-12-02,118.04,119.6,117.15,119.28,621072
76,2019-11-29,118.03,120.42,116.01,118.9,420428
77,2019-11-27,119.56,119.6,116.6223,118.44,670714
78,2019-11-26,123.62,123.85,118.195,119.52,3250802
79,2019-11-25,124.47,124.88,122.82,123.76,732279
80,2019-11-22,122.56,124.32,122.56,123.77,766360
81,2019-11-21,123.42,123.99,122.55,123.15,680404
82,2019-11-20,121.29,123.63,121.29,123.32,797060
83,2019-11-19,122.0,122.6,120.36,122.5,714010
84,2019-11-18,120.0,121.21,119.7,120.47,716467
85,2019-11-15,118.46,119.64,118.1,119.49,762551
86,2019-11-14,117.88,117.88,116.71,117.52,548074
87,2019-11-13,116.28,117.51,115.87,117.4,478861
88,2019-11-12,115.01,116.31,114.03,115.88,428189
89,2019-11-11,114.97,116.41,114.49,115.1,411856
90,2019-11-08,115.86,115.86,114.12,114.88,451710
91,2019-11-07,114.66,115.48,113.62,115.4,778549
92,2019-11-06,114.77,115.41,114.17,114.45,711145
93,2019-11-05,113.25,115.26,112.751,115.26,712446
94,2019-11-04,115.25,115.84,112.58,113.52,591821
95,2019-11-01,119.47,119.47,112.445,114.85,1028848
96,2019-10-31,117.27,117.84,114.815,115.15,966140
97,2019-10-30,113.63,116.97,113.24,116.64,575191
98,2019-10-29,113.54,115.0069,113.23,113.84,723572
99,2019-10-28,114.55,114.659,112.185,113.22,655336
100,2019-10-25,116.0,116.175,113.74,114.1,435672
101,2019-10-24,114.68,116.33,113.87,115.7,261747
102,2019-10-23,114.0,114.95,113.385,114.03,460124
103,2019-10-22,115.97,116.961,114.63,114.68,430436
104,2019-10-21,117.56,117.56,115.01,115.27,616872
105,2019-10-18,115.75,117.22,115.75,116.77,377638
106,2019-10-17,115.44,117.35,114.8418,116.45,316123
107,2019-10-16,115.23,115.915,114.16,115.48,633131
108,2019-10-15,115.03,116.75,115.03,115.05,457509
109,2019-10-14,115.63,117.32,115.095,115.18,326972
110,2019-10-11,117.97,117.97,114.58,115.6,690904
111,2019-10-10,116.27,118.37,116.27,117.08,525965
112,2019-10-09,117.29,117.87,116.48,117.15,463633
113,2019-10-08,117.04,118.25,114.53,116.48,560582
114,2019-10-07,115.41,118.45,115.41,118.25,625377
115,2019-10-04,115.77,117.95,115.5,116.28,681223
116,2019-10-03,112.8,116.385,112.8,116.16,691686
117,2019-10-02,115.18,116.27,112.72,112.8,978649
118,2019-10-01,115.28,116.54,114.15,115.58,511503
119,2019-09-30,115.18,116.55,114.61,114.91,664952
120,2019-09-27,117.52,118.24,114.28,115.44,607520
121,2019-09-26,117.88,118.07,116.27,117.765,444370
122,2019-09-25,118.41,118.41,115.98,117.93,516201
123,2019-09-24,116.47,118.65,116.45,118.23,792963
124,2019-09-23,114.82,117.22,114.06,115.92,610741
125,2019-09-20,118.05,118.05,115.38,115.56,1253774
126,2019-09-19,114.56,117.38,114.56,116.44,730683
127,2019-09-18,114.5,117.19,114.0061,115.66,992835
128,2019-09-17,111.6,114.61,110.92,113.48,754877
129,2019-09-16,111.72,113.03,110.16,111.0,642169
130,2019-09-13,114.1,114.25,109.2,111.06,1346478
131,2019-09-12,115.79,116.45,114.54,115.06,409380
132,2019-09-11,115.45,116.26,113.74,114.99,778193
133,2019-09-10,119.17,119.17,114.65,115.23,894037
134,2019-09-09,119.89,119.89,118.39,118.7,692772
135,2019-09-06,120.35,120.35,118.55,118.7,667343
136,2019-09-05,120.28,120.28,118.58,119.21,486507
137,2019-09-04,119.82,120.165,118.93,119.18,650308
138,2019-09-03,117.12,119.89,117.12,119.09,537027
139,2019-08-30,120.07,120.88,118.18,119.16,550388
140,2019-08-29,120.0,120.0,117.89,118.94,360050
141,2019-08-28,119.8,120.74,118.44,119.96,281925
142,2019-08-27,120.7,120.7,117.87,120.06,433450
143,2019-08-26,119.95,121.55,119.43,120.7,358138
144,2019-08-23,120.53,121.9,119.02,119.85,635608
145,2019-08-22,119.68,120.95,119.21,119.89,374966
146,2019-08-21,120.25,120.25,117.75,119.17,552028
147,2019-08-20,119.47,121.26,118.505,119.45,586058
148,2019-08-19,121.51,121.88,119.3,120.33,680156
149,2019-08-16,122.12,122.875,120.0,121.37,1888806
150,2019-08-15,119.31,122.02,119.31,121.87,629092
151,2019-08-14,120.13,122.38,119.21,119.41,625311
152,2019-08-13,120.64,121.87,118.44,120.72,711844
153,2019-08-12,119.01,121.23,118.415,119.38,715608
154,2019-08-09,119.07,120.08,118.075,119.01,719025
155,2019-08-08,117.85,119.0,116.98,118.86,561874
156,2019-08-07,119.0,119.27,115.8834,118.01,633586
157,2019-08-06,115.75,118.48,113.12,118.48,752191
158,2019-08-05,117.07,119.4,114.47,114.77,808653
159,2019-08-02,116.07,117.35,114.51,116.48,791630
160,2019-08-01,109.11,115.07,108.1,115.07,1055412
161,2019-07-31,111.17,111.46,109.22,109.31,486174
162,2019-07-30,110.44,111.5,109.71,110.56,598204
163,2019-07-29,110.56,111.51,110.1,110.45,391274
164,2019-07-26,111.7,112.14,110.22,111.15,489542
165,2019-07-25,113.85,113.85,110.46,111.21,563319
166,2019-07-24,114.84,115.49,109.8,111.65,920862
167,2019-07-23,114.69,115.08,114.22,114.77,314987
168,2019-07-22,114.48,115.92,112.5,114.52,346480
169,2019-07-19,115.18,115.42,113.74,114.91,469828
170,2019-07-18,114.35,115.0,113.56,114.53,445689
171,2019-07-17,113.55,114.39,113.46,114.2,472492
172,2019-07-16,114.44,114.73,113.48,114.08,351771
173,2019-07-15,113.96,114.54,112.22,114.07,566069
174,2019-07-12,112.88,114.29,111.6,114.06,481445
175,2019-07-11,112.07,114.13,111.5,113.0,528038
176,2019-07-10,111.69,112.1,110.63,111.7,487172
177,2019-07-09,109.51,111.47,108.83,110.98,534281
178,2019-07-08,109.93,111.07,108.75,110.62,624155
179,2019-07-05,109.97,111.0,109.65,110.4,326708
180,2019-07-03,108.48,110.21,108.09,110.0,390506
181,2019-07-02,106.7,108.57,104.8475,108.47,699346
182,2019-07-01,104.68,106.74,104.25,106.7,672318
183,2019-06-28,106.52,107.455,103.46,103.63,2443651
184,2019-06-27,105.84,107.6,105.19,106.06,488284
185,2019-06-26,107.18,107.8,105.85,105.85,573572
186,2019-06-25,107.62,108.36,106.455,107.5,790235
187,2019-06-24,106.22,108.08,106.22,107.35,620635
188,2019-06-21,107.36,108.14,106.44,106.44,634140
189,2019-06-20,106.19,107.14,105.095,107.08,508700
190,2019-06-19,107.19,107.19,105.3,106.24,834097
191,2019-06-18,106.29,107.19,105.38,106.34,841617
192,2019-06-17,107.4,108.19,106.06,106.7,374403
193,2019-06-14,107.8,108.8,106.245,107.74,384889
194,2019-06-13,107.71,107.71,105.13,107.26,530624
195,2019-06-12,107.57,108.79,105.83,107.7,616979
196,2019-06-11,111.04,111.04,106.03,108.03,959984
197,2019-06-10,111.04,112.91,110.529,111.13,470532
198,2019-06-07,112.01,112.01,110.12,111.31,452151
199,2019-06-06,112.25,112.34,110.92,111.07,680568
200,2019-06-05,110.06,111.79,109.75,110.92,709484
201,2019-06-04,109.5,110.3,108.1,109.94,698958
202,2019-06-03,108.25,109.7,107.53,109.14,966587
203,2019-05-31,106.64,109.67,105.91,108.54,1213933
204,2019-05-30,108.27,108.7,104.53,106.6,839393
205,2019-05-29,104.93,107.67,103.0938,107.27,907069
206,2019-05-28,106.95,107.8561,105.5,105.5,952973
207,2019-05-24,106.08,107.39,105.06,106.95,372402
208,2019-05-23,107.79,108.535,105.94,106.21,697901
209,2019-05-22,106.71,107.9,106.06,107.79,399839
210,2019-05-21,107.25,108.0,106.0,107.34,654520
211,2019-05-20,106.25,107.85,106.185,107.64,477523
212,2019-05-17,104.3,106.57,104.3,105.79,579968
213,2019-05-16,103.78,105.4,103.78,105.25,632971
214,2019-05-15,104.52,104.95,102.99,103.88,656986
215,2019-05-14,103.0,105.62,103.0,105.07,849684
216,2019-05-13,102.03,103.435,102.03,103.14,596555
217,2019-05-10,103.39,104.14,102.22,103.42,724084
218,2019-05-09,101.89,104.47,101.89,103.6,999803
219,2019-05-08,101.56,103.0,101.525,102.63,1347007
220,2019-05-07,102.97,103.94,101.38,101.78,975327
221,2019-05-06,100.2,103.91,100.0,103.07,704537
222,2019-05-03,100.79,102.32,100.46,100.98,708070
223,2019-05-02,100.64,100.91,99.81,99.9,1009232
224,2019-05-01,101.23,102.0,100.765,101.04,511357
225,2019-04-30,101.43,101.85,100.87,101.61,777159
226,2019-04-29,101.21,102.175,100.645,101.0,412759
227,2019-04-26,101.35,102.48,100.96,101.55,334779
228,2019-04-25,100.72,101.91,100.49,101.74,387645
229,2019-04-24,100.8,101.62,100.8,101.35,601477
230,2019-04-23,101.66,102.0,100.69,101.12,514191
231,2019-04-22,100.97,101.355,100.12,101.07,488632
232,2019-04-18,101.15,101.68,100.31,101.26,645836
233,2019-04-17,98.08,101.165,98.08,100.8,643409
234,2019-04-16,97.53,99.29,97.53,98.93,466731
235,2019-04-15,96.55,98.34,96.24,97.69,479055
236,2019-04-12,96.01,97.54,95.98,96.15,436611
237,2019-04-11,96.39,96.635,95.35,95.91,572470
238,2019-04-10,94.64,96.33,94.03,96.14,898248
239,2019-04-09,95.74,96.49,94.58,94.91,480350
240,2019-04-08,96.19,96.48,95.35,95.59,421448
241,2019-04-05,95.65,96.12,95.05,95.85,738930
242,2019-04-04,95.52,96.33,94.3,95.75,434792
243,2019-04-03,96.62,97.3,95.67,95.7,606035
244,2019-04-02,96.35,97.48,96.265,96.5,460579
245,2019-04-01,95.45,96.83,95.0,96.83,589238
246,2019-03-29,94.38,95.5,94.38,95.44,665139
247,2019-03-28,94.66,94.71,93.34,94.16,634975
248,2019-03-27,94.515,94.745,93.47,94.28,658194
249,2019-03-26,94.99,95.2196,93.06,94.77,933703
250,2019-03-25,95.43,96.15,94.84,95.25,825118
251,2019-03-22,94.31,95.7,93.11,95.44,959229
252,2019-03-21,94.88,96.03,94.2,94.71,554943
253,2019-03-20,95.79,97.04,94.51,94.69,661055
254,2019-03-19,96.0,96.92,95.27,95.51,715240
255,2019-03-18,96.83,98.06,95.83,95.83,715086
256,2019-03-15,95.58,98.02,94.48,97.06,1686481
257,2019-03-14,95.97,96.09,94.49,95.265,670101
258,2019-03-13,95.94,96.365,94.53,95.83,936065
259,2019-03-12,94.76,95.87,94.54,95.66,767756
260,2019-03-11,93.16,94.9,92.26,94.5,855638
261,2019-03-08,92.89,92.89,89.53,92.33,1294839
262,2019-03-07,94.96,95.27,92.31,92.73,1148731
263,2019-03-06,96.5,96.91,94.54,94.8,721789
264,2019-03-05,98.02,98.355,96.4254,96.91,913473
265,2019-03-04,96.19,97.6,95.62,97.54,853177
266,2019-03-01,96.15,97.48,95.44,96.2,784633
267,2019-02-28,93.7,96.16,93.7,95.91,1086317
268,2019-02-27,94.39,94.99,93.68,94.15,702865
269,2019-02-26,95.82,96.01,94.9,94.9,765526
270,2019-02-25,99.0,99.43,95.39,95.4,1695982
271,2019-02-22,94.68,96.665,94.68,96.6,1090993
272,2019-02-21,95.32,96.3,94.25,94.84,1051241
273,2019-02-20,93.74,95.26,93.25,95.15,720441
274,2019-02-19,94.01,95.54,93.275,94.16,975598
275,2019-02-15,93.86,93.95,92.4,93.54,728023
276,2019-02-14,95.34,95.48,92.46,92.64,742593
277,2019-02-13,94.04,96.13,93.85,95.0,634634
278,2019-02-12,94.29,95.87,93.94,94.0,710403
279,2019-02-11,95.05,95.71,94.0,94.12,1030408
280,2019-02-08,94.9,97.0,92.2,94.65,1162246
281,2019-02-07,94.54,95.07,93.0462,95.0,888284
282,2019-02-06,95.21,96.39,94.095,95.04,765663
283,2019-02-05,94.04,95.21,92.88,95.1,788862
284,2019-02-04,94.06,94.52,92.15,93.71,553296
285,2019-02-01,92.9,94.17,92.81,94.05,478645
286,2019-01-31,93.56,93.56,91.62,93.27,859105
287,2019-01-30,95.06,95.99,92.93,93.52,718641
288,2019-01-29,96.54,96.92,94.75,95.54,688069
289,2019-01-28,95.69,97.0,95.23,96.73,461175
290,2019-01-25,96.97,96.97,95.125,96.03,743036
291,2019-01-24,98.0,98.48,95.99,96.09,604425
292,2019-01-23,97.27,98.37,96.54,98.21,793486
293,2019-01-22,95.27,97.71,95.27,97.26,890196
294,2019-01-18,95.38,96.11,94.0,95.09,1073088
295,2019-01-17,92.51,93.94,91.8,93.53,459143
296,2019-01-16,92.61,95.68,91.98,92.97,697828
297,2019-01-15,92.51,93.68,92.1,92.72,606923
298,2019-01-14,91.0,92.41,90.59,92.2,701208
299,2019-01-11,92.0,92.61,90.72,91.39,677961
300,2019-01-10,92.12,92.841,89.54,91.55,744534
301,2019-01-09,94.1,95.89,92.57,92.8,501811
302,2019-01-08,97.31,97.95,92.15,93.52,1074600
303,2019-01-07,95.5,98.34,94.24,96.55,1043341
304,2019-01-04,98.3,99.47,96.98,98.36,635380
305,2019-01-03,95.0,97.61,95.0,95.59,752456
306,2019-01-02,95.94,98.12,95.2,95.89,891683
307,2018-12-31,95.98,97.83,95.55,97.83,502136
308,2018-12-28,95.67,96.96,95.23,96.21,526389
309,2018-12-27,93.21,95.64,91.7825,95.62,625764
310,2018-12-26,91.55,94.24,87.8678,94.12,785721
311,2018-12-24,95.74,96.6496,91.23,91.23,353603
312,2018-12-21,96.41,100.89,96.0,96.08,1437339
313,2018-12-20,98.6,99.18,96.53,96.75,859887
314,2018-12-19,99.76,100.44,97.6497,98.08,503948
315,2018-12-18,100.38,102.32,98.69,99.15,715746
316,2018-12-17,101.49,102.725,100.1809,100.27,554949
317,2018-12-14,103.16,103.61,100.33,100.89,573288
318,2018-12-13,104.31,105.49,102.1935,102.86,797604
319,2018-12-12,104.31,106.13,103.47,104.49,1466053
320,2018-12-11,106.05,106.625,103.31,103.38,848588
321,2018-12-10,104.32,105.87,103.9,105.46,551957
322,2018-12-07,104.44,105.34,103.43,104.34,1241441
323,2018-12-06,103.58,104.25,102.44,103.62,1276946
324,2018-12-04,107.24,107.99,103.4811,103.9,1513048
325,2018-12-03,107.72,109.25,101.87,105.13,1745774
326,2018-11-30,106.07,108.03,106.07,107.62,895439
327,2018-11-29,105.65,108.01,104.535,106.83,906176
328,2018-11-28,107.52,108.75,105.87,106.24,643547
329,2018-11-27,106.1,108.09,105.86,107.93,855575
330,2018-11-26,107.39,108.73,106.64,107.27,696315
331,2018-11-23,106.55,108.02,106.33,107.39,236729
332,2018-11-21,110.44,111.34,107.58,107.97,691369
333,2018-11-20,111.74,112.21,108.14,110.0,852755
334,2018-11-19,110.55,112.67,109.55,110.92,929745
335,2018-11-16,109.98,110.52,108.71,110.11,741148
336,2018-11-15,108.56,109.93,107.5314,109.71,595506
337,2018-11-14,109.07,110.58,108.44,109.6,1143348
338,2018-11-13,108.0,109.9,106.86,109.49,662034
339,2018-11-12,108.46,109.02,106.75,107.6,656851
340,2018-11-09,108.02,109.71,108.02,108.9,888088
341,2018-11-08,110.23,111.39,107.28,109.8,1493272
342,2018-11-07,112.44,112.65,110.0,111.23,748521
343,2018-11-06,111.14,113.99,110.47,112.44,576613
344,2018-11-05,114.14,115.11,111.835,112.14,676859
345,2018-11-02,114.5,114.5,106.5,112.25,986737
346,2018-11-01,113.67,114.37,110.11,110.5,1157416
347,2018-10-31,112.49,114.6,111.3,112.85,1069634
348,2018-10-30,109.59,112.4199,109.0,111.95,791495
349,2018-10-29,109.0,110.0,107.7045,108.91,929575
350,2018-10-26,106.7,107.7,105.8155,106.93,847534
351,2018-10-25,105.8,107.13,105.6201,106.7,703305
352,2018-10-24,106.32,106.9211,105.26,105.8,1081863
353,2018-10-23,105.34,107.25,103.52,106.78,1119330
354,2018-10-22,104.07,104.9,103.08,104.43,647645
355,2018-10-19,102.35,105.1,102.35,104.91,696989
356,2018-10-18,103.39,104.26,101.5,103.3,607510
357,2018-10-17,100.69,103.43,99.53,102.64,1138938
358,2018-10-16,99.27,103.06,99.27,102.79,725511
359,2018-10-15,97.73,102.28,96.77,99.26,937002
360,2018-10-12,100.45,102.0,99.11,100.11,941306
361,2018-10-11,102.31,102.41,100.33,100.8,1413946
362,2018-10-10,100.74,103.2,100.15,101.96,1151133
363,2018-10-09,98.77,101.97,98.77,101.4,1204615
364,2018-10-08,97.52,100.13,97.04,99.92,883860
365,2018-10-05,94.18,98.5,94.18,97.21,1034239
366,2018-10-04,95.62,96.0,93.76,95.43,1162190
367,2018-10-03,97.36,97.36,95.375,95.64,910350
368,2018-10-02,97.02,97.55,96.19,96.62,721254
369,2018-10-01,95.5,97.24,95.32,97.03,759466
370,2018-09-28,96.97,97.98,95.5717,95.96,918790
371,2018-09-27,98.57,99.0,97.22,97.76,882236
372,2018-09-26,101.98,102.34,98.275,98.87,1264125
373,2018-09-25,102.22,105.05,99.6,101.99,1364519
374,2018-09-24,107.26,107.26,105.055,105.29,901504
375,2018-09-21,108.15,109.12,106.75,107.15,1705780
376,2018-09-20,106.39,107.45,105.26,107.18,1138737
377,2018-09-19,105.88,107.19,104.72,106.94,666365
378,2018-09-18,104.78,107.7,104.68,106.19,1293526
379,2018-09-17,104.7,105.07,103.62,104.78,470556
380,2018-09-14,104.06,105.2,103.63,104.2,385206
381,2018-09-13,103.93,104.3295,103.19,104.07,399093
382,2018-09-12,103.78,104.4,102.22,103.5,712119
383,2018-09-11,103.37,104.55,102.51,104.04,527874
384,2018-09-10,104.61,105.22,103.37,103.41,824677
385,2018-09-07,103.12,104.98,102.98,104.33,744927
386,2018-09-06,103.38,103.79,101.98,102.9,577140
387,2018-09-05,104.24,104.86,102.96,103.31,656939
388,2018-09-04,100.66,104.09,100.63,104.01,1087814
389,2018-08-31,100.64,101.14,100.15,100.8,709782
390,2018-08-30,100.05,100.75,99.48,100.64,573777
391,2018-08-29,100.17,101.02,99.846,100.77,459599
392,2018-08-28,101.54,101.86,100.07,100.23,646781
393,2018-08-27,103.07,103.9748,100.82,101.14,1056474
394,2018-08-24,100.18,102.75,99.76,102.61,1148469
395,2018-08-23,98.82,100.9,98.76,100.08,1063504
396,2018-08-22,97.6,99.48,97.05,99.12,835249
397,2018-08-21,98.9,99.24,97.49,97.84,637922
398,2018-08-20,97.21,99.21,96.82,98.78,938350
399,2018-08-17,94.96,96.22,94.55,95.77,837547
400,2018-08-16,94.78,95.95,94.78,95.11,676409
401,2018-08-15,93.28,94.99,93.09,94.65,923609
402,2018-08-14,93.18,93.9,93.01,93.46,574024
403,2018-08-13,92.5,93.93,92.49,92.78,660414
404,2018-08-10,91.95,92.63,91.1,92.49,977455
405,2018-08-09,92.8,93.48,92.09,92.1,1020373
406,2018-08-08,93.67,94.11,92.42,92.7,692636
407,2018-08-07,93.18,94.35,92.95,93.62,867034
408,2018-08-06,94.21,94.92,92.81,92.96,1204718
409,2018-08-03,94.18,97.0,92.635,94.63,1486397
410,2018-08-02,96.34,96.66,95.03,95.8,1146712
411,2018-08-01,97.07,98.47,96.27,96.36,751007
412,2018-07-31,97.24,97.42,94.001,97.13,1436237
413,2018-07-30,102.08,102.08,96.37,96.68,1156887
414,2018-07-27,104.14,104.25,102.11,102.17,512713
415,2018-07-26,105.31,105.645,103.73,103.92,494038
416,2018-07-25,104.07,105.5,103.78,105.33,515144
417,2018-07-24,104.4,105.1,103.36,104.13,562932
418,2018-07-23,104.84,105.21,103.66,104.29,623816
419,2018-07-20,104.39,105.2,103.81,104.62,450731
420,2018-07-19,105.61,106.0702,104.421,104.76,515036
421,2018-07-18,105.0,106.174,104.625,106.02,485994
422,2018-07-17,103.95,105.12,103.11,104.88,400660
423,2018-07-16,102.83,104.62,102.83,103.73,606530
424,2018-07-13,103.24,103.44,102.33,102.9,435990
425,2018-07-12,102.51,103.62,102.51,103.13,554285
426,2018-07-11,101.91,103.15,101.75,102.15,597860
427,2018-07-10,103.5,103.73,102.33,102.9,932071
428,2018-07-09,100.51,103.37,100.51,103.21,1016597
429,2018-07-06,102.54,103.035,100.29,100.79,774499
430,2018-07-05,102.66,103.11,101.86,102.94,570826
431,2018-07-03,104.28,104.42,102.18,102.42,318580
432,2018-07-02,103.38,103.93,103.11,103.75,586514
433,2018-06-29,103.91,105.57,102.35,104.07,968710
434,2018-06-28,103.94,104.57,103.11,103.81,641526
435,2018-06-27,105.94,106.33,103.92,103.95,992025
436,2018-06-26,104.68,107.67,104.68,105.77,1513583
437,2018-06-25,104.68,105.17,102.55,104.15,1038500
438,2018-06-22,104.58,105.415,103.78,104.98,1437521
439,2018-06-21,104.21,104.64,103.04,103.95,789117
440,2018-06-20,105.04,106.5,104.08,104.22,994652
441,2018-06-19,102.71,105.6192,101.0,105.2,1440617
442,2018-06-18,102.62,103.68,101.67,103.54,851540
443,2018-06-15,103.4,104.33,102.47,102.82,1620823
444,2018-06-14,104.68,105.79,103.17,103.81,967935
445,2018-06-13,105.79,106.08,104.4,104.5,914663
446,2018-06-12,104.77,105.63,103.59,105.6,1483053
447,2018-06-11,104.29,105.29,103.2838,104.92,1896342
448,2018-06-08,102.45,104.5,101.81,103.95,1257541
449,2018-06-07,101.01,103.22,100.96,102.91,1717669
450,2018-06-06,99.3,100.455,99.1,100.32,1019612
451,2018-06-05,98.08,99.83,98.08,99.3,837324
452,2018-06-04,98.32,98.87,97.56,98.07,1071129
453,2018-06-01,98.85,99.07,97.55,98.42,1000775
454,2018-05-31,98.68,99.21,97.4775,97.56,2187256
455,2018-05-30,101.28,101.7,97.23,99.02,2159331
456,2018-05-29,102.98,103.66,101.54,101.99,925006
457,2018-05-25,102.77,103.36,102.09,103.09,883681
458,2018-05-24,103.47,104.57,102.07,102.78,1925398
459,2018-05-23,104.22,104.56,103.37,103.84,711474
460,2018-05-22,106.99,106.99,103.95,104.44,992560
461,2018-05-21,106.76,107.39,106.29,106.49,914719
462,2018-05-18,108.01,108.49,106.55,106.56,1893326
463,2018-05-17,108.44,108.66,107.14,108.38,728048
464,2018-05-16,107.95,109.42,107.48,108.45,731374
465,2018-05-15,107.94,109.55,107.64,108.11,1100699
466,2018-05-14,107.05,108.36,106.8,108.11,1247385
467,2018-05-11,105.25,107.19,104.67,106.82,1019008
468,2018-05-10,104.27,105.74,103.78,105.41,846884
469,2018-05-09,102.57,104.91,102.15,103.91,1165034
470,2018-05-08,102.1,103.52,102.0,102.37,1149614
471,2018-05-07,102.42,104.15,101.9,103.16,1315301
472,2018-05-04,108.5,108.5,101.89,102.49,2096835
473,2018-05-03,106.68,107.0,104.54,105.45,1857003
474,2018-05-02,106.85,108.81,106.43,106.79,1904040
475,2018-05-01,106.39,107.4,105.89,107.29,919721
476,2018-04-30,106.61,108.3069,106.61,106.78,803775
477,2018-04-27,106.67,107.45,105.16,106.19,853568
478,2018-04-26,106.44,107.71,104.82,106.87,964265
479,2018-04-25,105.26,106.59,104.33,106.27,1061114
480,2018-04-24,108.49,108.88,105.48,105.55,1069893
481,2018-04-23,110.74,110.86,107.82,107.94,818906
482,2018-04-20,110.19,110.89,109.64,110.16,562829
483,2018-04-19,108.99,110.4,108.8,109.88,988333
484,2018-04-18,110.25,110.67,109.3,109.33,563537
485,2018-04-17,109.63,110.32,109.1,110.09,763864
486,2018-04-16,109.08,109.739,108.58,108.81,568177
487,2018-04-13,109.95,110.04,108.049,108.35,894964
488,2018-04-12,108.92,110.65,108.22,109.67,675614
489,2018-04-11,109.67,109.75,108.03,108.45,1181691
490,2018-04-10,110.62,111.58,109.84,110.28,893832
491,2018-04-09,109.87,112.05,109.73,110.03,931036
492,2018-04-06,110.26,111.06,108.47,109.34,1301934
493,2018-04-05,112.39,112.81,111.085,111.6,1020678
494,2018-04-04,109.66,111.81,109.02,111.21,1661325
495,2018-04-03,112.15,112.52,109.17,110.99,1894000
496,2018-04-02,114.08,115.13,111.3,112.48,1105552
497,2018-03-29,112.46,115.36,112.09,114.1,1472700
498,2018-03-28,112.06,113.52,111.47,111.91,814189
499,2018-03-27,114.54,114.93,111.13,112.06,1007723
500,2018-03-26,112.94,115.29,112.26,114.59,731490
501,2018-03-23,112.64,113.84,111.355,111.71,1021370
502,2018-03-22,116.52,117.2907,112.41,112.62,1035300
503,2018-03-21,116.22,118.503,116.0,117.33,1429189
504,2018-03-20,118.6,121.55,117.99,119.9,1159241
505,2018-03-19,119.2,120.45,117.22,118.53,1251719
506,2018-03-16,118.95,119.76,117.81,119.22,1118362
507,2018-03-15,119.29,119.42,117.64,118.61,926133
508,2018-03-14,120.55,120.55,118.95,119.29,812022
509,2018-03-13,124.56,124.56,119.46,119.92,1131281
510,2018-03-12,124.17,124.54,123.06,123.82,1243056
511,2018-03-09,120.22,124.55,120.18,124.54,1390869
512,2018-03-08,119.39,120.65,118.9,119.89,1233568
513,2018-03-07,117.6,119.1,117.22,118.79,1488372
514,2018-03-06,115.35,119.2,115.16,118.17,2139407
515,2018-03-05,114.51,116.57,113.12,115.35,1957395
516,2018-03-02,111.03,116.37,110.7,115.0,1907402
517,2018-03-01,111.63,112.73,111.07,111.36,2780233
518,2018-02-28,110.99,113.49,110.58,112.01,1759341
519,2018-02-27,110.94,111.93,110.16,110.19,1249890
520,2018-02-26,108.94,111.96,108.86,111.33,1566033
521,2018-02-23,110.11,110.12,108.27,108.75,2047646
522,2018-02-22,111.34,112.07,109.59,109.96,977501
523,2018-02-21,111.24,113.1,110.75,111.3,1387749
524,2018-02-20,110.96,113.025,110.03,110.78,1698961
525,2018-02-16,116.84,117.39,110.84,111.45,2782025
526,2018-02-15,116.47,117.58,114.62,117.45,2026591
527,2018-02-14,111.59,115.62,111.32,115.0,2322376
528,2018-02-13,110.73,113.47,109.54,112.22,2376887
529,2018-02-12,108.58,113.32,108.35,110.68,2545953
530,2018-02-09,104.35,108.61,96.81,107.11,6806650
531,2018-02-08,114.41,114.88,111.07,111.15,2672770
532,2018-02-07,111.01,116.09,111.01,114.565,4169278
533,2018-02-06,125.57,125.68,108.0,116.94,7543775
534,2018-02-05,133.17,136.57,130.05,130.53,1380482
535,2018-02-02,136.19,136.94,134.525,134.65,744740
536,2018-02-01,134.17,136.8,133.5598,136.56,831379
537,2018-01-31,133.57,135.42,133.5,134.39,862893
538,2018-01-30,134.53,134.9,132.38,133.29,1412951
539,2018-01-29,137.2,138.54,134.73,135.11,965984
540,2018-01-26,137.5,137.635,136.0001,137.02,911315
541,2018-01-25,136.38,137.43,135.26,137.16,781506
542,2018-01-24,135.0,135.66,133.39,135.57,590707
543,2018-01-23,134.34,134.96,133.9275,134.81,586492
544,2018-01-22,133.81,134.64,133.37,134.56,597456
545,2018-01-19,133.06,134.15,132.6461,133.88,878157
546,2018-01-18,131.07,133.0,130.77,132.91,759322
547,2018-01-17,130.86,131.87,130.57,131.52,691375
548,2018-01-16,132.22,133.06,129.83,130.79,829666
549,2018-01-12,132.19,132.62,131.42,131.51,615216
550,2018-01-11,132.41,133.31,131.86,132.19,1038142
551,2018-01-10,130.48,132.46,130.31,132.33,783830
552,2018-01-09,129.7,131.57,129.7,130.79,1060500
553,2018-01-08,127.47,129.95,127.05,129.53,1112156
554,2018-01-05,124.05,127.83,124.05,127.6,1214750
555,2018-01-04,123.75,124.9,123.49,124.04,917599
556,2018-01-03,122.35,124.1,120.35,123.56,1010234
557,2018-01-02,124.88,125.3,122.35,122.75,841364
558,2017-12-29,125.07,125.7599,124.28,124.59,667266
559,2017-12-28,125.1,125.1,123.72,124.85,813982
560,2017-12-27,123.87,125.54,123.7216,124.76,591171
561,2017-12-26,124.19,124.47,123.24,124.04,520472
562,2017-12-22,124.65,125.2,124.295,124.47,668095
563,2017-12-21,124.5,125.0,123.7612,124.63,1592704
564,2017-12-20,124.7,125.52,123.27,124.23,944070
565,2017-12-19,126.32,127.22,124.52,124.65,1564512
566,2017-12-18,126.58,126.96,125.54,125.79,1696753
567,2017-12-15,126.39,127.0734,125.15,126.37,2283275
568,2017-12-14,126.87,127.61,125.17,126.06,1677939
569,2017-12-13,127.82,128.3,126.1153,126.28,1583061
570,2017-12-12,126.82,128.32,126.26,127.62,1144745
571,2017-12-11,126.76,126.98,124.76,126.35,1191605
572,2017-12-08,125.0,125.5,124.01,125.27,1196428
573,2017-12-07,123.76,124.76,122.37,124.19,872134
574,2017-12-06,123.69,124.35,122.84,123.41,987075
575,2017-12-05,123.02,123.9795,121.27,123.77,1349047
576,2017-12-04,126.0,127.78,122.35,123.11,1482191
577,2017-12-01,124.42,125.0,122.29,124.25,1530014
578,2017-11-30,121.18,124.2502,120.8,123.43,2264412
579,2017-11-29,123.32,125.04,119.78,120.93,2075630
580,2017-11-28,121.0,122.7999,120.72,122.72,881042
581,2017-11-27,120.58,121.0186,120.3941,120.5,767083
582,2017-11-24,119.63,120.8427,119.54,120.13,333008
583,2017-11-22,119.76,120.23,118.46,119.35,696322
584,2017-11-21,120.14,120.49,118.2,119.63,922405
585,2017-11-20,116.73,119.29,116.73,119.23,1409195
586,2017-11-17,115.95,116.85,115.89,116.48,698926
587,2017-11-16,115.75,116.335,115.23,116.02,671525
588,2017-11-15,116.79,116.8,115.37,115.51,761206
589,2017-11-14,115.68,116.909,115.51,116.6,1452609
590,2017-11-13,114.68,116.13,114.5101,115.74,874460
591,2017-11-10,114.33,115.315,113.9,114.45,954271
592,2017-11-09,113.06,114.41,109.84,114.13,852417
593,2017-11-08,113.31,113.77,112.62,113.42,743343
594,2017-11-07,113.29,116.56,112.35,113.42,1108322
595,2017-11-06,115.07,115.71,114.0,114.44,1018607
596,2017-11-03,115.55,115.91,114.89,115.02,581478
597,2017-11-02,113.48,115.74,113.12,115.57,941662
598,2017-11-01,113.69,113.81,112.6,112.63,509527
599,2017-10-31,111.6,113.38,111.4509,113.06,781999
600,2017-10-30,111.82,112.73,111.76,111.86,527567
601,2017-10-27,111.33,112.5,110.78,111.95,654462
602,2017-10-26,110.0,111.62,109.6,111.49,752564
603,2017-10-25,110.15,110.509,108.47,109.73,928392
604,2017-10-24,111.0,111.252,110.01,110.25,512849
605,2017-10-23,109.93,111.04,109.44,110.69,714111
606,2017-10-20,109.29,110.09,109.21,109.99,729716
607,2017-10-19,109.56,109.56,108.12,108.93,808153
608,2017-10-18,109.58,109.79,108.86,109.59,758612
609,2017-10-17,110.11,110.49,109.39,109.53,763986
610,2017-10-16,110.15,110.645,109.46,109.7,926919
611,2017-10-13,110.2,110.67,109.92,110.5,644391
612,2017-10-12,108.82,110.37,108.768,110.02,675413
613,2017-10-11,108.64,109.1,107.93,109.1,786373
614,2017-10-10,109.23,109.29,108.33,108.43,551595
615,2017-10-09,107.85,109.34,107.85,109.22,706373
616,2017-10-06,108.8,109.1,107.63,108.17,1542558
617,2017-10-05,110.21,110.21,108.39,108.43,923730
618,2017-10-04,109.2,109.65,108.32,109.34,733904
619,2017-10-03,108.71,109.61,108.05,109.07,1009192
620,2017-10-02,107.92,108.41,107.48,108.18,657188
621,2017-09-29,107.37,108.26,107.01,107.63,775869
622,2017-09-28,106.54,107.72,106.51,107.32,582937
623,2017-09-27,105.35,107.07,105.0,106.7,805298
624,2017-09-26,106.31,106.7,104.665,104.71,823309
625,2017-09-25,106.72,106.99,105.575,106.31,710799
626,2017-09-22,106.2,106.72,105.81,106.6,730891
627,2017-09-21,106.6,106.975,105.56,106.26,949449
628,2017-09-20,105.66,107.06,105.43,106.4,812680
629,2017-09-19,105.54,106.26,105.26,105.43,1461886
630,2017-09-18,104.65,105.81,104.65,105.49,1529471
631,2017-09-15,105.85,106.41,104.64,104.67,5643458
632,2017-09-14,105.0,106.5299,105.0,105.85,1903363
633,2017-09-13,104.73,105.6,104.02,105.37,1684897
634,2017-09-12,104.73,105.49,104.28,104.73,1126745
635,2017-09-11,105.36,105.8961,103.86,104.38,1291399
636,2017-09-08,103.76,105.91,103.7,104.74,1121091
637,2017-09-07,104.01,104.32,103.19,103.68,958227
638,2017-09-06,102.57,104.1,102.46,103.73,1346041
639,2017-09-05,100.53,102.32,100.53,102.2,1601239
640,2017-09-01,100.61,101.16,100.52,100.94,649371
641,2017-08-31,100.64,101.35,100.33,100.89,987395
642,2017-08-30,100.41,100.57,99.64,100.27,701256
643,2017-08-29,100.0,100.38,99.66,100.34,624731
644,2017-08-28,100.0,100.44,99.17,100.15,712347
645,2017-08-25,98.9,99.9899,98.55,99.77,778842
646,2017-08-24,99.0,99.04,98.19,98.46,721934
647,2017-08-23,98.81,99.4,98.37,98.4,855002
648,2017-08-22,97.2,99.24,97.03,99.11,1031691
649,2017-08-21,96.21,97.39,95.71,97.09,892649
650,2017-08-18,96.93,97.32,96.24,96.3,1227046
651,2017-08-17,97.87,98.04,97.13,97.19,780428
652,2017-08-16,97.79,98.55,97.5,97.83,643268
653,2017-08-15,97.28,98.06,96.86,97.54,1026198
654,2017-08-14,96.46,98.02,96.24,97.07,902298
655,2017-08-11,96.98,97.27,95.81,96.23,534608
656,2017-08-10,96.65,97.24,96.35,96.67,794426
657,2017-08-09,95.51,96.95,94.91,96.8,751705
658,2017-08-08,94.27,95.56,94.02,95.46,865384
659,2017-08-07,93.6,95.35,92.361,94.64,1128251
660,2017-08-04,95.77,95.95,92.2,93.5,1207267
661,2017-08-03,94.79,95.25,94.35,94.99,747037
662,2017-08-02,94.93,95.21,94.05,94.79,690336
663,2017-08-01,94.81,95.25,94.13,95.21,829260
664,2017-07-31,93.78,94.7,93.505,94.53,801476
665,2017-07-28,93.22,94.15,93.12,93.49,530017
666,2017-07-27,94.04,94.1,92.62,93.29,628160
667,2017-07-26,93.6,94.59,93.39,94.04,806424
668,2017-07-25,94.29,94.32,93.31,93.4,635593
669,2017-07-24,93.81,94.49,93.76,93.85,680438
670,2017-07-21,93.27,94.37,93.27,93.94,774809
671,2017-07-20,92.86,93.25,92.54,93.15,422561
672,2017-07-19,93.14,93.36,92.35,92.91,525533
673,2017-07-18,91.94,93.18,91.82,93.12,718523
674,2017-07-17,91.99,92.54,91.96,92.02,668155
675,2017-07-14,92.41,92.48,91.83,91.98,450419
676,2017-07-13,92.35,92.68,91.12,92.54,668431
677,2017-07-12,92.52,92.71,91.64,91.94,795458
678,2017-07-11,92.58,93.04,92.05,92.79,618492
679,2017-07-10,93.01,93.2,92.62,92.69,741418
680,2017-07-07,92.32,93.29,91.4,92.98,1033131
681,2017-07-06,92.96,93.41,92.13,92.18,917285
682,2017-07-05,92.21,93.55,92.16,93.03,1391203
683,2017-07-03,91.83,92.29,91.54,91.91,538080
684,2017-06-30,91.11,91.8,91.0,91.4,902772
685,2017-06-29,91.24,91.3,90.05,91.0,748944
686,2017-06-28,90.06,90.76,89.7,90.55,772368
687,2017-06-27,89.62,90.06,89.39,90.01,846219
688,2017-06-26,88.8,89.65,88.8,89.62,697949
689,2017-06-23,88.71,89.26,88.59,88.77,675152
690,2017-06-22,88.82,88.94,88.44,88.57,598367
691,2017-06-21,89.07,89.15,88.67,88.82,605967
692,2017-06-20,89.59,89.81,88.6,88.96,993527
693,2017-06-19,88.96,89.71,88.96,89.62,853411
694,2017-06-16,88.84,89.964,88.18,88.57,3262482
695,2017-06-15,89.48,89.7,88.99,89.54,742345
696,2017-06-14,89.33,90.29,89.33,90.0,820923
697,2017-06-13,89.94,90.09,89.21,89.93,1259756
698,2017-06-12,89.21,89.79,89.05,89.76,940431
699,2017-06-09,88.81,89.77,88.49,89.75,1047311
700,2017-06-08,88.69,89.83,88.69,88.98,1249746
701,2017-06-07,87.0,89.16,86.58,88.88,1500066
702,2017-06-06,86.29,87.14,86.1,86.77,989750
703,2017-06-05,86.66,87.25,86.38,86.9,1216052
704,2017-06-02,86.89,87.0,86.27,86.75,877559
705,2017-06-01,86.78,86.99,86.28,86.82,1229502
706,2017-05-31,86.74,86.89,86.05,86.37,4791525
707,2017-05-30,86.58,86.88,85.86,86.65,1066776
708,2017-05-26,86.3,86.75,85.97,86.63,968815
709,2017-05-25,86.29,86.63,85.82,86.28,921785
710,2017-05-24,85.84,86.17,85.37,86.03,654567
711,2017-05-23,85.12,85.79,84.885,85.73,1191062
712,2017-05-22,85.0,85.355,84.55,85.05,941923
713,2017-05-19,84.57,85.13,83.9,85.04,2953062
714,2017-05-18,84.1,84.77,83.74,84.41,882284
715,2017-05-17,83.17,84.7,82.54,84.15,1706877
716,2017-05-16,84.82,84.82,83.085,83.93,2043519
717,2017-05-15,84.41,85.12,84.16,85.0,1350925
718,2017-05-12,84.27,84.72,83.86,84.07,1065946
719,2017-05-11,84.45,84.84,83.72,84.36,1220773
720,2017-05-10,85.38,86.28,83.72,84.84,1333439
721,2017-05-09,83.0,85.35,83.0,84.99,2479218
722,2017-05-08,83.57,84.09,82.14,82.26,987783
723,2017-05-05,83.25,83.88,82.99,83.76,885600
724,2017-05-04,83.16,83.71,82.45,82.98,817375
725,2017-05-03,82.49,83.15,82.28,83.03,994452
726,2017-05-02,82.77,83.12,82.1,82.98,924895
727,2017-05-01,82.62,83.1,82.31,82.66,926649
728,2017-04-28,82.48,82.72,81.85,82.41,1687674
729,2017-04-27,83.8,83.8,82.29,82.4,1113737
730,2017-04-26,82.4,84.08,82.4,83.63,1184358
731,2017-04-25,84.1,84.625,83.9301,84.16,943313
732,2017-04-24,83.82,84.15,83.3,83.84,1435620
733,2017-04-21,82.97,83.53,82.74,82.99,880331
734,2017-04-20,82.72,83.305,82.28,83.0,945638
735,2017-04-19,81.94,82.5,81.94,82.22,636636
736,2017-04-18,81.75,82.62,81.75,81.93,654064
737,2017-04-17,81.26,82.25,80.93,82.16,607155
738,2017-04-13,81.36,82.16,80.58,81.29,672430
739,2017-04-12,80.59,81.63,80.12,81.53,1050451
740,2017-04-11,80.62,80.99,80.0,80.59,1003354
741,2017-04-10,81.29,81.57,80.78,81.11,721400
742,2017-04-07,80.35,81.19,80.01,81.08,1019156
743,2017-04-06,80.43,80.83,80.11,80.32,1105833
744,2017-04-05,81.06,81.51,80.24,80.42,1020527
745,2017-04-04,80.63,80.92,80.22,80.89,1156409
746,2017-04-03,81.03,81.4405,80.06,80.67,743737
747,2017-03-31,80.4,81.32,79.4,81.07,1009055
748,2017-03-30,79.13,80.1,78.83,80.0,776220
749,2017-03-29,79.12,79.22,78.31,79.21,990410
750,2017-03-28,78.92,79.63,78.69,79.14,625656
751,2017-03-27,78.83,79.33,78.32,79.18,657428
752,2017-03-24,80.09,80.35,79.12,79.44,623435
753,2017-03-23,79.9,80.26,79.35,79.85,896414
754,2017-03-22,79.55,80.07,79.18,79.73,1055789
755,2017-03-21,80.94,80.94,79.41,79.64,1264599
756,2017-03-20,80.38,80.97,80.08,80.51,1151436
757,2017-03-17,80.29,80.68,79.91,80.57,1464998
758,2017-03-16,80.42,80.76,80.19,80.45,846323
759,2017-03-15,80.75,80.75,79.9,80.26,1483937
760,2017-03-14,79.89,80.59,79.85,80.38,846914
761,2017-03-13,79.76,80.465,79.47,80.25,1055827
762,2017-03-10,79.12,79.67,78.78,79.63,1231768
763,2017-03-09,78.53,78.59,77.86,78.58,2220068
764,2017-03-08,78.17,78.75,77.85,78.39,1285002
765,2017-03-07,78.16,78.48,77.8,77.97,1243064
766,2017-03-06,78.06,78.54,77.71,77.99,1122970
767,2017-03-03,78.62,78.89,77.68,78.27,1742760
768,2017-03-02,79.1,79.17,77.77,78.25,2155802
769,2017-03-01,78.67,80.625,78.4,79.3,2719446
770,2017-02-28,78.62,78.805,77.33,78.05,20233347
771,2017-02-27,79.84,80.0,78.4,78.96,1412331
772,2017-02-24,79.29,80.29,79.23,79.7,2141990
773,2017-02-23,80.57,80.825,80.01,80.26,669704
774,2017-02-22,79.94,80.88,79.86,80.54,712686
775,2017-02-21,81.18,81.365,80.46,80.54,860129
776,2017-02-17,80.33,81.32,79.95,80.94,1104413
777,2017-02-16,80.1,80.47,79.6204,80.4,679830
778,2017-02-15,79.56,80.22,79.355,80.16,739503
779,2017-02-14,79.14,79.92,78.89,79.62,692437
780,2017-02-13,77.71,79.24,77.71,79.1,560820
781,2017-02-10,78.37,78.37,77.53,77.67,434387
782,2017-02-09,77.06,78.19,76.75,78.13,508522
783,2017-02-08,78.79,79.22,76.8,76.97,882317
784,2017-02-07,78.54,80.1,77.5301,79.19,1572833
785,2017-02-06,78.05,78.22,77.45,77.79,962244
786,2017-02-03,78.56,78.86,77.73,78.14,1116353
787,2017-02-02,77.98,78.9,77.77,77.94,849663
788,2017-02-01,79.76,79.99,78.39,78.45,622688
789,2017-01-31,78.7,79.76,78.25,79.62,1383576
790,2017-01-30,77.46,77.87,76.8,77.87,615725
791,2017-01-27,78.07,78.375,77.34,77.83,464583
792,2017-01-26,77.99,78.25,77.645,77.97,701892
793,2017-01-25,77.0,78.11,76.69,77.95,707365
794,2017-01-24,76.37,77.27,76.28,76.79,558550
795,2017-01-23,76.64,76.7,75.613,76.05,646025
796,2017-01-20,75.89,76.65,75.6,76.64,692855
797,2017-01-19,75.19,75.79,75.01,75.75,624060
798,2017-01-18,75.07,75.32,74.39,75.29,507874
799,2017-01-17,75.14,75.58,74.67,74.76,792727
800,2017-01-13,74.52,75.055,73.56,75.02,513258
801,2017-01-12,73.69,73.84,72.64,73.83,453999
802,2017-01-11,73.69,74.055,73.12,73.94,578261
803,2017-01-10,74.61,74.98,73.66,73.68,548320
804,2017-01-09,75.25,75.36,74.12,74.53,569630
805,2017-01-06,75.94,76.09,75.43,75.5,732372
806,2017-01-05,75.65,76.19,74.85,75.09,591500
807,2017-01-04,74.47,75.91,73.64,75.88,871812
808,2017-01-03,73.68,74.21,72.54,73.01,652323
809,2016-12-30,73.76,74.0997,73.48,73.89,522683
810,2016-12-29,73.54,73.7,73.27,73.67,383447
811,2016-12-28,74.02,74.13,73.24,73.31,365349
812,2016-12-27,73.52,73.9,73.04,73.74,428219
813,2016-12-23,73.56,73.6266,72.82,73.4,438758
814,2016-12-22,74.22,74.5633,73.27,73.7,371838
815,2016-12-21,74.89,75.12,74.02,74.13,512576
816,2016-12-20,74.9,75.12,74.16,74.9,718250
817,2016-12-19,75.96,76.76,75.2401,75.42,521313
818,2016-12-16,75.71,76.22,75.4,75.72,1841850
819,2016-12-15,76.15,76.55,75.5,75.57,890788
820,2016-12-14,76.31,76.7,75.97,76.27,654940
821,2016-12-13,77.13,77.29,76.51,76.59,514049
822,2016-12-12,76.85,77.19,76.29,76.66,770636
823,2016-12-09,75.57,76.74,75.53,76.68,919027
824,2016-12-08,74.7,75.66,74.26,75.28,743510
825,2016-12-07,73.71,75.135,73.53,74.84,1323106
826,2016-12-06,73.01,73.744,72.77,73.55,1178451
827,2016-12-05,71.92,72.94,71.8,72.64,1123712
828,2016-12-02,70.16,72.18,69.95,72.06,1397240
829,2016-12-01,69.22,69.51,68.41,69.48,981059
830,2016-11-30,68.83,69.45,68.22,68.9,1183191
831,2016-11-29,68.58,69.08,68.14,68.8,983688
832,2016-11-28,68.4,68.72,67.9,68.63,811736
833,2016-11-25,68.23,68.64,67.8517,68.43,250438
834,2016-11-23,68.09,68.467,67.85,67.94,626515
835,2016-11-22,68.71,68.71,68.13,68.26,596316
836,2016-11-21,68.83,68.83,68.23,68.46,1691666
837,2016-11-18,68.75,68.8201,67.89,68.68,1253128
838,2016-11-17,68.46,69.01,68.38,68.87,529090
839,2016-11-16,68.2,68.66,67.92,68.6,592398
840,2016-11-15,68.43,68.6,67.97,68.53,840571
841,2016-11-14,68.09,68.95,67.86,68.77,1878453
842,2016-11-11,67.4,68.17,66.99,67.94,2151361
843,2016-11-10,66.51,68.36,65.2488,67.64,1618102
844,2016-11-09,63.86,66.22,63.63,66.19,1311493
845,2016-11-08,63.4,63.88,62.97,63.59,852719
846,2016-11-07,63.92,64.055,62.75,63.7,823968
847,2016-11-04,63.22,64.09,62.68,63.4,549781
848,2016-11-03,62.74,63.44,62.73,62.99,657153
849,2016-11-02,62.8,63.46,62.8,62.9,445882
850,2016-11-01,63.01,63.4,62.58,63.11,815677
851,2016-10-31,62.98,63.44,62.4,63.21,895723
852,2016-10-28,62.07,63.49,61.715,63.24,1123270
853,2016-10-27,62.67,62.79,61.58,62.16,1381725
854,2016-10-26,63.77,64.0,63.31,63.51,972159
855,2016-10-25,64.52,64.54,63.75,63.92,693782
856,2016-10-24,64.15,64.45,63.965,64.33,507346
857,2016-10-21,63.68,64.04,62.89,63.92,1346971
858,2016-10-20,65.2,65.2,63.77,63.78,605813
859,2016-10-19,64.97,65.14,64.61,64.85,905982
860,2016-10-18,65.21,65.35,64.71,65.01,708471
861,2016-10-17,65.94,65.985,64.52,64.58,819222
862,2016-10-14,66.19,66.54,65.81,66.09,595322
863,2016-10-13,66.22,66.665,65.69,65.89,1080013
864,2016-10-12,66.85,67.5,66.17,66.81,692651
865,2016-10-11,67.35,67.655,66.3,67.1,1315569
866,2016-10-10,68.01,68.4299,66.61,66.89,787300
867,2016-10-07,67.23,68.25,67.105,67.85,741323
868,2016-10-06,67.05,67.58,66.705,67.56,541864
869,2016-10-05,66.99,67.56,66.53,67.41,1213639
870,2016-10-04,66.76,67.33,66.33,66.84,1389087
871,2016-10-03,64.91,65.93,64.64,65.76,1026911
872,2016-09-30,65.5,65.61,64.62,64.85,1171823
873,2016-09-29,66.29,66.68,64.94,65.27,1020982
874,2016-09-28,67.2,67.34,65.77,66.31,1562067
875,2016-09-27,67.13,67.26,66.3,66.91,2630694
876,2016-09-26,69.16,70.53,66.27,66.59,3242863
877,2016-09-23,69.56,71.05,67.94,70.3,1874760
878,2016-09-22,69.98,69.98,69.22,69.41,384852
879,2016-09-21,69.59,69.99,69.12,69.74,415218
880,2016-09-20,69.84,69.98,69.39,69.62,275322
881,2016-09-19,69.16,69.66,68.67,69.4,354936
882,2016-09-16,68.4,69.07,67.67,68.94,781886
883,2016-09-15,67.44,68.22,66.7718,68.15,367890
884,2016-09-14,68.6,68.67,67.64,67.75,394388
885,2016-09-13,69.25,69.34,68.08,68.31,380000
886,2016-09-12,67.99,69.61,67.57,69.42,506120
887,2016-09-09,68.16,68.72,68.0,68.0,388848
888,2016-09-08,68.51,68.65,68.21,68.54,215887
889,2016-09-07,68.17,68.97,67.63,68.63,366538
890,2016-09-06,68.3,68.55,67.96,68.51,434698
891,2016-09-02,68.28,68.9,68.01,68.53,531915
892,2016-09-01,68.74,69.22,68.44,68.95,333112
893,2016-08-31,68.92,69.2375,68.535,68.69,403576
894,2016-08-30,69.12,69.12,68.26,69.08,384110
895,2016-08-29,68.96,69.44,68.945,69.05,280044
896,2016-08-26,68.57,69.21,68.48,68.9,439765
897,2016-08-25,68.64,68.885,68.245,68.61,383677
898,2016-08-24,68.0,68.72,67.91,68.72,274074
899,2016-08-23,68.41,68.66,68.16,68.23,201762
900,2016-08-22,68.2,68.7,68.05,68.4,167967
901,2016-08-19,68.48,68.67,68.03,68.2,284265
902,2016-08-18,68.29,68.88,68.08,68.63,268217
903,2016-08-17,67.25,68.3099,67.12,68.24,432720
904,2016-08-16,68.1,68.16,67.17,67.22,329397
905,2016-08-15,67.16,68.15,66.8,68.14,573923
906,2016-08-12,66.61,67.27,66.425,67.1,498888
907,2016-08-11,67.5,67.78,66.835,67.13,583230
908,2016-08-10,68.49,68.56,68.0,68.29,237479
909,2016-08-09,68.46,68.7,68.22,68.3,326293
910,2016-08-08,68.84,68.86,68.35,68.59,193121
911,2016-08-05,68.99,69.04,68.55,68.73,239640
912,2016-08-04,68.93,68.93,68.57,68.72,315561
913,2016-08-03,68.77,69.18,68.3802,68.79,285849
914,2016-08-02,68.4,68.77,68.08,68.52,523626
915,2016-08-01,68.8,69.02,68.29,68.42,351092
916,2016-07-29,69.0,69.48,68.03,68.8,560030
917,2016-07-28,68.84,69.13,68.25,68.34,446918
918,2016-07-27,68.07,68.93,68.0,68.84,231866
919,2016-07-26,68.5,68.59,67.85,68.2,310018
920,2016-07-25,67.99,68.5,67.93,68.42,302580
921,2016-07-22,67.75,67.96,67.56,67.86,251026
922,2016-07-21,67.82,67.9876,67.45,67.52,300253
923,2016-07-20,68.62,68.75,67.79,67.98,359848
924,2016-07-19,68.35,68.63,67.84,68.63,199554
925,2016-07-18,68.71,68.75,67.94,68.19,250611
926,2016-07-15,68.36,68.59,68.24,68.56,269263
927,2016-07-14,68.75,68.77,67.64,68.36,356989
928,2016-07-13,68.35,68.61,67.54,67.75,346659
929,2016-07-12,68.05,68.52,68.05,68.33,379730
930,2016-07-11,68.08,68.13,67.44,68.02,303047
931,2016-07-08,67.47,67.83,66.39,67.64,371597
932,2016-07-07,66.76,67.36,66.49,66.88,341134
933,2016-07-06,67.41,67.74,66.84,66.9,540108
934,2016-07-05,66.0,67.53,65.71,67.41,667116
935,2016-07-01,66.77,66.89,65.63,65.87,404983
936,2016-06-30,65.86,66.62,65.46,66.62,535511
937,2016-06-29,64.37,65.77,64.29,65.75,526716
938,2016-06-28,63.79,64.09,63.28,63.91,671969
939,2016-06-27,64.24,64.24,63.32,63.56,607141
940,2016-06-24,63.95,66.145,63.65,64.79,1038189
941,2016-06-23,63.81,64.7,63.22,64.66,613788
942,2016-06-22,63.26,63.76,62.906,63.75,326289
943,2016-06-21,63.27,63.6,62.94,63.22,365028
944,2016-06-20,63.7,64.1,63.16,63.19,427588
945,2016-06-17,64.48,64.9,63.53,63.57,723670
946,2016-06-16,64.42,64.83,64.13,64.8,287616
947,2016-06-15,65.36,65.36,64.29,64.43,346586
948,2016-06-14,64.33,65.3,64.23,65.16,799433
949,2016-06-13,64.38,64.85,64.16,64.6,688830
950,2016-06-10,62.67,64.58,62.67,64.41,745830
951,2016-06-09,62.73,63.3,62.4,63.25,392167
952,2016-06-08,62.51,63.09,62.37,63.0,345877
953,2016-06-07,62.7,62.98,62.32,62.43,305305
954,2016-06-06,62.55,63.06,62.191,62.83,533796
955,2016-06-03,62.42,63.15,62.33,62.99,416709
956,2016-06-02,62.72,63.2,62.67,62.87,576196
957,2016-06-01,63.08,63.57,63.03,63.23,264533
958,2016-05-31,64.16,64.1927,62.98,63.65,506651
959,2016-05-27,63.92,64.32,63.56,63.91,466148
960,2016-05-26,64.22,64.35,63.52,63.65,297578
961,2016-05-25,64.65,64.9,64.01,64.18,346905
962,2016-05-24,63.86,64.58,63.75,64.25,436702
963,2016-05-23,63.6,63.96,63.27,63.44,216329
964,2016-05-20,62.99,64.02,62.84,63.73,398261
965,2016-05-19,62.52,63.55,62.34,63.29,388430
966,2016-05-18,62.37,63.06,62.06,62.79,515361
967,2016-05-17,63.72,64.02,62.65,62.75,282361
968,2016-05-16,63.62,64.06,62.72,63.62,336380
969,2016-05-13,64.12,64.58,63.45,63.59,314334
970,2016-05-12,63.48,64.49,63.35,64.33,488551
971,2016-05-11,63.63,64.07,63.18,63.29,384501
972,2016-05-10,63.52,63.98,63.12,63.88,347434
973,2016-05-09,63.03,63.68,63.03,63.19,437501
974,2016-05-06,62.48,63.1,62.26,63.1,260326
975,2016-05-05,62.63,63.18,62.63,62.67,439710
976,2016-05-04,62.58,63.27,62.26,62.66,337138
977,2016-05-03,63.0,63.12,62.17,62.47,390505
978,2016-05-02,61.58,63.53,61.43,63.07,598697
979,2016-04-29,64.36,64.36,61.22,61.96,1146943
980,2016-04-28,64.62,64.76,63.95,64.05,449448
981,2016-04-27,65.35,65.56,64.65,65.0,443134
982,2016-04-26,65.38,65.69,64.9,65.48,288482
983,2016-04-25,65.25,65.54,64.97,65.08,247635
984,2016-04-22,64.96,65.86,64.96,65.53,273355
985,2016-04-21,65.54,65.97,65.06,65.14,215831
986,2016-04-20,65.72,65.84,65.27,65.79,278612
987,2016-04-19,65.2,65.53,64.74,65.47,491954
988,2016-04-18,63.87,64.92,63.87,64.78,284158
989,2016-04-15,64.1,64.87,64.08,64.47,449908
990,2016-04-14,64.59,65.05,64.2,64.34,434111
991,2016-04-13,64.5,64.71,63.531,64.61,756244
992,2016-04-12,63.93,64.47,63.58,64.08,555488
993,2016-04-11,63.33,64.34,63.12,64.14,491405
994,2016-04-08,64.73,65.13,63.49,64.13,583452
995,2016-04-07,65.64,65.74,64.455,64.99,367579
996,2016-04-06,65.3,65.8226,64.55,65.43,298458
997,2016-04-05,65.89,66.26,65.35,65.46,341759
998,2016-04-04,66.64,66.64,64.71,66.21,374580
999,2016-04-01,65.1,66.95,65.0801,66.89,435352
1000,2016-03-31,64.96,65.58,64.65,65.33,335321
1001,2016-03-30,65.55,65.88,64.95,65.18,389830
1002,2016-03-29,65.04,65.65,64.64,65.36,425048
1003,2016-03-28,64.98,65.17,64.64,65.05,234779
1004,2016-03-24,65.59,65.86,64.71,64.72,449644
1005,2016-03-23,64.79,66.54,64.627,65.45,424863
1006,2016-03-22,64.08,64.86,64.08,64.71,314365
1007,2016-03-21,64.91,65.39,64.55,64.72,267306
1008,2016-03-18,65.45,66.03,64.41,64.85,867117
1009,2016-03-17,66.08,66.29,65.5,65.88,425590
1010,2016-03-16,66.51,66.68,65.94,66.1,341951
1011,2016-03-15,65.61,67.41,65.235,66.59,608704
1012,2016-03-14,65.25,66.01,64.7,65.86,319019
1013,2016-03-11,65.45,65.73,64.6,65.11,455294
1014,2016-03-10,65.58,65.58,64.51,65.13,433595
1015,2016-03-09,65.39,65.61,64.7,65.17,474887
1016,2016-03-08,63.19,65.66,62.92,65.56,862236
1017,2016-03-07,63.5,64.16,62.81,63.18,476782
1018,2016-03-04,63.73,64.12,62.69,64.01,515767
1019,2016-03-03,62.94,63.83,62.35,63.78,510138
1020,2016-03-02,63.0,63.22,62.22,62.98,422255
1021,2016-03-01,62.71,63.37,62.03,63.31,533661
1022,2016-02-29,62.9,63.8,62.02,62.5,394828
1023,2016-02-26,63.27,63.48,62.4,62.96,547076
1024,2016-02-25,63.92,64.3,62.88,63.16,579290
1025,2016-02-24,63.06,64.1,62.8,63.92,482257
1026,2016-02-23,62.65,65.29,62.38,63.07,864007
1027,2016-02-22,63.25,63.47,62.035,62.28,295714
1028,2016-02-19,61.68,63.19,61.27,62.74,466666
1029,2016-02-18,62.54,63.21,61.537,61.79,553163
1030,2016-02-17,62.34,62.56,61.565,61.8,767492
1031,2016-02-16,62.76,63.02,61.89,62.12,428516
1032,2016-02-12,63.14,63.61,62.24,62.37,500631
1033,2016-02-11,60.98,63.16,60.67,62.27,730394
1034,2016-02-10,62.43,62.74,61.53,61.88,697241
1035,2016-02-09,60.04,62.17,59.95,61.79,570007
1036,2016-02-08,58.57,60.45,58.43,59.87,1041750
1037,2016-02-05,61.5,61.615,60.1,60.65,1048336
1038,2016-02-04,64.01,64.34,60.87,61.65,1121403
1039,2016-02-03,63.7,65.18,62.58,64.29,1029539
1040,2016-02-02,65.79,66.37,65.53,65.67,613668
1041,2016-02-01,66.29,66.62,65.71,66.14,575891
1042,2016-01-29,64.67,66.86,64.67,66.62,732281
1043,2016-01-28,64.63,65.32,63.99,64.51,598413
1044,2016-01-27,63.69,64.89,63.67,64.28,591621
1045,2016-01-26,63.81,64.17,63.5,63.89,627943
1046,2016-01-25,64.83,65.0,63.21,63.35,519709
1047,2016-01-22,62.82,64.83,62.48,64.71,583438
1048,2016-01-21,64.57,64.57,62.08,62.3,1035439
1049,2016-01-20,63.73,64.249,62.36,63.48,1101828
1050,2016-01-19,64.66,65.7,63.78,63.82,1244894
1051,2016-01-15,62.09,63.93,62.06,63.82,926131
1052,2016-01-14,62.75,63.57,61.501,63.25,576358
1053,2016-01-13,63.71,63.8,62.46,62.71,854732
1054,2016-01-12,63.46,63.84,63.01,63.66,410516
1055,2016-01-11,62.66,63.51,62.58,63.25,729417
1056,2016-01-08,63.08,63.35,62.33,62.55,835211
1057,2016-01-07,61.79,63.3,61.0001,62.86,881559
1058,2016-01-06,62.46,63.42,62.26,62.46,1434626
1059,2016-01-05,63.37,63.825,62.63,63.1,1049245
1060,2016-01-04,64.55,64.68,63.36,63.99,848144
1061,2015-12-31,65.45,65.99,64.84,64.9,384911
1062,2015-12-30,65.96,66.6,65.66,65.68,310781
1063,2015-12-29,65.91,66.32,65.61,65.96,327221
1064,2015-12-28,65.29,65.8,65.0,65.44,503665
1065,2015-12-24,64.81,65.83,64.74,65.44,191229
1066,2015-12-23,65.78,65.92,64.56,64.7,389119
1067,2015-12-22,65.21,65.8,64.78,65.63,330264
1068,2015-12-21,64.71,65.79,64.53,65.21,331361
1069,2015-12-18,65.03,65.51,64.41,64.52,1015908
1070,2015-12-17,66.05,66.29,64.73,65.04,562906
1071,2015-12-16,67.66,67.79,65.42,66.01,841211
1072,2015-12-15,67.37,67.85,67.02,67.39,1014729
1073,2015-12-14,65.91,66.99,65.91,66.84,977313
1074,2015-12-11,63.97,65.35,63.66,65.34,1235606
1075,2015-12-10,64.48,64.86,63.65,64.51,520789
1076,2015-12-09,66.86,66.86,64.21,64.26,1236311
1077,2015-12-08,67.61,67.92,65.841,66.24,1196153
1078,2015-12-07,70.08,70.23,68.945,69.26,457721
1079,2015-12-04,68.11,69.895,68.11,69.47,495720
1080,2015-12-03,70.01,70.05,67.72,68.12,753395
1081,2015-12-02,70.04,70.64,69.49,69.85,1002310
1082,2015-12-01,71.25,71.25,69.19,70.44,1343413
1083,2015-11-30,72.4,72.53,71.495,72.21,638440
1084,2015-11-27,71.9,72.42,71.42,72.4,189914
1085,2015-11-25,71.59,72.0,71.32,71.83,271867
1086,2015-11-24,71.31,71.39,70.45,71.33,525312
1087,2015-11-23,72.2,72.32,71.47,71.55,362722
1088,2015-11-20,71.92,72.0,71.55,71.98,391557
1089,2015-11-19,71.4,72.0,71.26,71.73,623184
1090,2015-11-18,70.73,71.48,70.27,71.4,485327
1091,2015-11-17,70.14,70.84,69.82,70.6,441370
1092,2015-11-16,69.63,70.04,68.79,70.0,683686
1093,2015-11-13,69.05,69.67,68.52,69.56,921399
1094,2015-11-12,70.35,70.46,69.42,69.52,834863
1095,2015-11-11,70.03,71.34,70.02,70.63,823767
1096,2015-11-10,69.21,70.14,69.01,70.06,708348
1097,2015-11-09,68.56,69.43,67.51,69.2,441919
1098,2015-11-06,68.88,69.65,67.82,68.81,585473
1099,2015-11-05,67.64,68.58,67.57,68.38,322473
1100,2015-11-04,68.6,69.01,67.61,67.9,412587
1101,2015-11-03,68.46,69.09,68.22,68.81,622125
1102,2015-11-02,67.43,68.61,67.43,68.32,589428
1103,2015-10-30,67.96,68.93,66.62,67.04,919951
1104,2015-10-29,68.92,69.43,68.16,69.16,809576
1105,2015-10-28,67.96,68.82,67.35,68.8,619247
1106,2015-10-27,66.86,67.96,66.71,67.95,550240
1107,2015-10-26,66.83,67.51,66.682,67.37,589036
1108,2015-10-23,66.53,66.97,66.12,66.97,445066
1109,2015-10-22,65.18,66.28,65.174,66.16,374413
1110,2015-10-21,66.09,66.55,65.04,65.14,498226
1111,2015-10-20,65.68,66.12,65.28,65.8,508753
1112,2015-10-19,65.2,65.77,65.024,65.69,537794
1113,2015-10-16,66.18,66.38,64.83,65.22,522312
1114,2015-10-15,65.81,66.465,65.81,66.36,519467
1115,2015-10-14,65.51,66.595,65.13,65.77,458720
1116,2015-10-13,65.47,66.03,64.99,65.19,700111
1117,2015-10-12,65.62,66.32,65.27,65.93,666493
1118,2015-10-09,65.67,66.2,65.08,65.43,581356
1119,2015-10-08,65.17,65.9,64.7,65.84,739039
1120,2015-10-07,66.13,66.13,64.13,65.09,1298208
1121,2015-10-06,66.24,66.635,64.91,65.61,1124669
1122,2015-10-05,67.83,68.28,66.03,66.27,1356412
1123,2015-10-02,66.97,67.51,65.78,67.32,913338
1124,2015-10-01,67.33,68.15,66.87,67.25,974921
1125,2015-09-30,66.3,67.22,65.95,67.08,703119
1126,2015-09-29,65.77,66.15,65.16,65.78,604645
1127,2015-09-28,66.02,66.56,65.63,65.65,478708
1128,2015-09-25,66.62,67.03,65.9404,66.4,546646
1129,2015-09-24,65.78,66.35,65.44,66.16,464601
1130,2015-09-23,65.08,66.095,64.8,66.03,295412
1131,2015-09-22,64.6,65.33,64.242,65.14,463740
1132,2015-09-21,64.9,65.82,64.642,65.39,379043
1133,2015-09-18,64.38,65.54,64.04,64.64,936282
1134,2015-09-17,66.4,67.0,64.8,65.13,956690
1135,2015-09-16,66.01,66.44,65.46,66.34,501484
1136,2015-09-15,66.28,66.28,65.71,65.94,318866
1137,2015-09-14,66.01,66.25,65.66,65.93,262723
1138,2015-09-11,65.19,66.07,65.0645,65.99,342517
1139,2015-09-10,64.58,65.65,64.408,65.4,533595
1140,2015-09-09,64.77,65.41,64.3,64.36,975459
1141,2015-09-08,64.25,64.58,63.54,64.45,599872
1142,2015-09-04,63.26,63.905,63.25,63.51,390405
1143,2015-09-03,63.76,64.4,63.5248,63.76,517718
1144,2015-09-02,63.35,63.79,62.88,63.77,624730
1145,2015-09-01,62.65,63.17,62.26,62.58,528131
1146,2015-08-31,63.69,64.04,63.1,63.26,465049
1147,2015-08-28,63.5,63.95,63.35,63.82,443211
1148,2015-08-27,63.01,63.59,62.58,63.38,701513
1149,2015-08-26,61.64,62.97,60.66,62.71,858082
1150,2015-08-25,61.25,61.78,60.4,60.52,770752
1151,2015-08-24,59.13,61.93,58.25,60.37,1118531
1152,2015-08-21,62.99,63.22,61.3,61.42,744034
1153,2015-08-20,63.45,63.72,62.88,63.03,389367
1154,2015-08-19,64.09,64.18,63.4,63.76,444940
1155,2015-08-18,64.1,64.5,63.92,64.2,404922
1156,2015-08-17,63.98,64.53,63.61,64.37,588839
1157,2015-08-14,63.47,64.45,63.27,64.41,356231
1158,2015-08-13,63.37,63.88,63.16,63.45,318186
1159,2015-08-12,63.39,63.39,62.19,63.3,653479
1160,2015-08-11,63.92,63.97,62.93,63.35,292944
1161,2015-08-10,63.78,64.6,63.61,63.9,500404
1162,2015-08-07,62.99,63.485,62.84,63.39,603068
1163,2015-08-06,63.25,63.63,62.7,62.9,448134
1164,2015-08-05,62.3,63.42,62.28,63.02,680575
1165,2015-08-04,62.47,62.74,62.06,62.54,559457
1166,2015-08-03,61.92,62.57,61.68,62.35,607465
1167,2015-07-31,61.8,62.75,61.13,61.98,525479
1168,2015-07-30,60.98,61.96,60.59,61.67,635703
1169,2015-07-29,60.22,60.97,60.17,60.88,326117
1170,2015-07-28,61.09,61.09,60.26,60.35,402375
1171,2015-07-27,61.76,61.84,60.59,60.79,407996
1172,2015-07-24,61.15,61.94,61.09,61.93,461779
1173,2015-07-23,62.28,62.3,61.375,61.42,558043
1174,2015-07-22,61.22,62.07,61.03,62.05,424342
1175,2015-07-21,61.68,61.9,61.08,61.15,295765
1176,2015-07-20,61.89,61.96,61.41,61.59,331659
1177,2015-07-17,61.53,61.92,61.17,61.92,488833
1178,2015-07-16,61.46,61.69,60.66,61.57,514668
1179,2015-07-15,61.2,61.52,60.5006,61.42,442773
1180,2015-07-14,60.5,61.08,60.07,60.76,503276
1181,2015-07-13,62.0,62.3699,60.04,60.39,990827
1182,2015-07-10,61.58,61.9,61.15,61.85,446433
1183,2015-07-09,60.73,61.48,60.59,60.89,478023
1184,2015-07-08,60.02,60.48,59.928,60.33,759534
1185,2015-07-07,60.57,60.72,59.32,60.23,587929
1186,2015-07-06,59.06,60.39,58.682,60.39,981888
1187,2015-07-02,58.89,59.69,58.32,59.43,849849
1188,2015-07-01,57.41,58.57,57.41,58.48,706389
1189,2015-06-30,57.45,57.64,56.81,57.22,723753
1190,2015-06-29,56.82,57.24,56.42,57.06,740937
1191,2015-06-26,57.48,57.67,57.04,57.3,638552
1192,2015-06-25,57.06,57.56,57.06,57.56,388307
1193,2015-06-24,57.94,58.01,57.04,57.12,409274
1194,2015-06-23,58.47,58.81,57.79,57.9,444303
1195,2015-06-22,58.66,58.66,57.855,58.395,446119
1196,2015-06-19,58.77,58.85,58.26,58.43,828693
1197,2015-06-18,59.15,59.5,58.6,58.65,417964
1198,2015-06-17,59.44,59.64,58.97,59.26,611522
1199,2015-06-16,59.6,59.6,58.93,59.2,542585
1200,2015-06-15,57.99,59.47,57.45,59.47,821038
1201,2015-06-12,58.56,58.56,57.89,58.31,412270
1202,2015-06-11,58.25,58.59,58.03,58.565,487609
1203,2015-06-10,57.79,58.28,57.37,58.04,570379
1204,2015-06-09,57.23,57.84,57.03,57.59,305815
1205,2015-06-08,57.63,58.0,57.25,57.39,465714
1206,2015-06-05,57.07,57.6,56.97,57.1,384901
1207,2015-06-04,57.44,57.59,56.98,57.47,448004
1208,2015-06-03,57.43,58.13,57.1,57.42,618912
1209,2015-06-02,57.72,58.0,57.17,57.35,465655
1210,2015-06-01,58.73,58.755,57.94,58.06,471299
1211,2015-05-29,58.44,58.72,57.84,58.52,334252
1212,2015-05-28,58.32,58.71,58.02,58.43,482651
1213,2015-05-27,58.81,58.91,58.16,58.38,539151
1214,2015-05-26,58.96,59.32,58.51,58.81,572721
1215,2015-05-22,58.49,59.24,58.4,59.16,469186
1216,2015-05-21,58.21,58.21,57.76,58.06,350369
1217,2015-05-20,58.37,58.76,58.05,58.15,513552
1218,2015-05-19,58.51,58.9,58.06,58.45,712718
1219,2015-05-18,58.76,58.93,58.26,58.31,769086
1220,2015-05-15,59.56,59.61,58.25,58.69,550341
1221,2015-05-14,59.01,59.41,58.78,59.4,482059
1222,2015-05-13,58.57,58.91,58.36,58.85,1016651
1223,2015-05-12,57.73,58.84,57.4,58.77,910856
1224,2015-05-11,57.39,58.18,56.98,58.09,537602
1225,2015-05-08,57.03,57.42,56.99,57.27,460805
1226,2015-05-07,55.56,57.15,55.54,56.84,885541
1227,2015-05-06,55.63,56.21,55.55,55.82,604210
1228,2015-05-05,55.31,55.9385,55.04,55.5,602674
1229,2015-05-04,55.64,55.98,55.23,55.53,820155
1230,2015-05-01,56.79,58.06,55.26,55.51,1109283
1231,2015-04-30,56.81,57.1,56.0004,56.27,1065682
1232,2015-04-29,56.73,57.34,56.73,56.89,361469
1233,2015-04-28,56.7,57.31,56.31,57.1,328683
1234,2015-04-27,57.27,57.63,56.5,56.55,461498
1235,2015-04-24,57.75,57.75,57.0854,57.25,314961
1236,2015-04-23,57.04,57.78,56.85,57.64,523399
1237,2015-04-22,57.32,57.575,57.02,57.31,353630
1238,2015-04-21,57.79,58.17,57.31,57.33,512290
1239,2015-04-20,58.23,58.43,57.631,57.65,469834
1240,2015-04-17,58.29,58.77,57.53,58.0,726201
1241,2015-04-16,58.2,58.81,57.61,58.5,621893
1242,2015-04-15,58.29,58.77,57.9424,58.4,821941
1243,2015-04-14,57.04,58.15,56.88,58.12,995589
1244,2015-04-13,57.1,57.46,57.04,57.27,458599
1245,2015-04-10,57.05,57.3,56.5,57.23,429433
1246,2015-04-09,56.54,57.16,56.37,57.15,635683
1247,2015-04-08,56.71,57.2,56.48,56.57,934343
1248,2015-04-07,56.36,57.53,56.22,56.68,1477034
1249,2015-04-06,56.02,56.32,55.52,56.18,947173
1250,2015-04-02,56.22,56.45,55.26,56.02,1543737
1251,2015-04-01,57.11,57.5,56.51,56.72,625307
1252,2015-03-31,57.97,58.23,57.16,57.405,551997
1253,2015-03-30,57.73,58.42,57.69,58.23,441463
1254,2015-03-27,57.44,57.9097,56.9603,57.47,482621
1255,2015-03-26,56.72,58.11,56.57,57.73,738336
1256,2015-03-25,58.52,58.52,57.07,57.11,800237
1257,2015-03-24,59.31,59.47,58.07,58.25,1140947
1258,2015-03-23,59.32,59.74,59.19,59.45,576976
1259,2015-03-20,60.02,60.02,59.19,59.51,810729
1260,2015-03-19,58.64,59.91,58.64,59.82,479301
1261,2015-03-18,59.4,59.73,58.67,58.78,758973
1262,2015-03-17,59.85,59.96,59.29,59.87,393033
1263,2015-03-16,59.83,60.567,59.77,60.0,433786
1264,2015-03-13,59.66,60.08,58.93,59.41,551999
1265,2015-03-12,61.1,61.16,59.55,59.71,1061258
1266,2015-03-11,60.48,60.8301,59.92,60.72,699182
1267,2015-03-10,60.13,60.79,59.8,60.59,841783
1268,2015-03-09,60.03,60.78,59.62,60.44,1089936
1269,2015-03-06,58.64,60.23,58.42,59.89,1608146
1270,2015-03-05,58.53,59.065,58.02,58.945,665015
1271,2015-03-04,58.95,59.2,58.44,58.55,680699
1272,2015-03-03,59.0,59.23,58.19,58.98,1247008
1273,2015-03-02,59.85,59.99,58.67,59.48,1289994
1274,2015-02-27,59.75,60.32,59.38,60.03,815059
1275,2015-02-26,61.71,62.08,60.62,60.85,696354
1276,2015-02-25,62.67,63.0,61.65,61.86,660661
1277,2015-02-24,62.83,63.39,62.45,62.685,779418
1278,2015-02-23,62.36,63.02,62.03,63.0,489342
1279,2015-02-20,61.95,62.65,61.64,62.61,560953
1280,2015-02-19,62.08,62.56,61.68,61.96,409507
1281,2015-02-18,62.32,62.74,61.43,62.135,761155
1282,2015-02-17,62.76,63.16,62.36,62.605,483079
1283,2015-02-13,62.27,63.15,61.9468,63.01,571653
1284,2015-02-12,62.11,62.58,61.88,62.17,526003
1285,2015-02-11,61.72,62.53,61.435,62.04,649433
1286,2015-02-10,61.77,61.78,61.08,61.59,561213
1287,2015-02-09,61.49,61.9062,61.1,61.33,856087
1288,2015-02-06,62.12,63.019,60.95,62.455,1647594
1289,2015-02-05,64.95,65.86,64.8,65.14,802524
1290,2015-02-04,63.65,64.88,63.65,64.49,1101543
1291,2015-02-03,63.99,64.41,63.0,63.89,981353
1292,2015-02-02,64.45,64.78,63.37,63.99,865243
1293,2015-01-30,65.35,65.41,64.26,64.47,515549
1294,2015-01-29,65.26,65.94,65.0,65.62,682570
1295,2015-01-28,66.17,66.55,64.96,65.3,606987
1296,2015-01-27,65.82,66.85,65.65,65.7,313159
1297,2015-01-26,65.73,66.72,65.0,66.42,376611
1298,2015-01-23,65.98,66.24,65.43,65.87,379817
1299,2015-01-22,64.2,66.065,63.52,65.88,639202
1300,2015-01-21,65.75,65.95,63.48,63.91,1126023
1301,2015-01-20,66.76,67.37,65.44,65.89,428566
1302,2015-01-16,65.07,66.59,64.72,66.49,726729
1303,2015-01-15,64.75,65.72,64.75,65.06,356546
1304,2015-01-14,64.97,65.25,64.36,65.02,493331
1305,2015-01-13,65.51,66.39,65.0,65.37,769893
1306,2015-01-12,66.28,66.79,65.9439,66.14,473057
1307,2015-01-09,66.26,66.62,65.98,66.0,402596
1308,2015-01-08,67.58,68.0,66.34,66.495,713157
1309,2015-01-07,66.09,67.29,65.59,67.18,520190
1310,2015-01-06,65.75,66.21,65.38,66.06,1234542
1311,2015-01-05,63.23,65.72,62.81,65.38,839039
1312,2015-01-02,63.88,64.155,63.0,63.36,348035
1313,2014-12-31,64.25,64.64,63.4,63.42,336187
1314,2014-12-30,64.65,64.9999,63.82,64.14,279171
1315,2014-12-29,64.1,65.16,63.08,64.59,278022
1316,2014-12-26,64.89,65.17,64.17,64.19,171225
1317,2014-12-24,64.86,65.3613,64.39,64.53,243075
1318,2014-12-23,64.85,65.39,64.65,64.69,360744
1319,2014-12-22,64.18,64.7899,63.925,64.675,445110
1320,2014-12-19,64.31,64.79,63.6501,64.17,1140590
1321,2014-12-18,63.25,64.49,62.94,64.47,571633
1322,2014-12-17,62.55,62.9,62.13,62.78,669025
1323,2014-12-16,62.06,62.93,61.58,62.21,673442
1324,2014-12-15,62.57,62.73,61.21,62.21,708542
1325,2014-12-12,62.83,63.2,62.11,62.34,751468
1326,2014-12-11,63.54,63.87,62.77,63.53,515194
1327,2014-12-10,62.18,63.66,61.87,63.17,976666
1328,2014-12-09,61.26,62.2,60.38,62.13,711979
1329,2014-12-08,60.51,62.03,60.04,61.64,538669
1330,2014-12-05,60.86,61.47,60.1601,60.71,500621
1331,2014-12-04,60.32,60.68,59.93,60.57,482264
1332,2014-12-03,59.49,60.64,59.24,60.35,919175
1333,2014-12-02,59.83,60.73,59.29,60.53,719319
1334,2014-12-01,59.82,60.71,59.4365,60.15,550230
1335,2014-11-28,60.0,61.16,59.81,59.91,283381
1336,2014-11-26,59.64,59.94,59.06,59.78,396940
1337,2014-11-25,59.38,59.86,58.77,59.45,387286
1338,2014-11-24,58.94,60.18,58.94,59.38,464683
1339,2014-11-21,59.89,60.37,58.69,59.43,607590
1340,2014-11-20,59.61,60.14,59.35,59.49,417458
1341,2014-11-19,59.45,59.99,58.995,59.86,711929
1342,2014-11-18,60.15,60.7,59.61,59.62,536894
1343,2014-11-17,60.8,60.85,59.7,60.14,474764
1344,2014-11-14,60.76,61.27,60.55,60.81,308971
1345,2014-11-13,61.05,61.44,60.3601,60.875,584967
1346,2014-11-12,60.76,61.35,60.55,61.05,642845
1347,2014-11-11,61.87,62.66,61.73,62.38,532684
1348,2014-11-10,61.94,62.15,61.43,61.87,395740
1349,2014-11-07,61.52,62.07,61.1,61.89,558316
1350,2014-11-06,60.98,62.07,60.8792,61.39,709357
1351,2014-11-05,62.21,63.27,60.93,61.48,1615490
1352,2014-11-04,60.91,62.55,60.75,62.15,1242882
1353,2014-11-03,59.25,60.95,59.17,60.51,1007106
1354,2014-10-31,58.46,59.1,56.47,58.94,940227
1355,2014-10-30,58.02,58.79,57.96,58.42,554473
1356,2014-10-29,57.94,58.3,57.66,58.28,342389
1357,2014-10-28,57.71,58.08,57.23,57.77,353601
1358,2014-10-27,57.62,57.95,57.32,57.59,369936
1359,2014-10-24,56.95,57.615,56.93,57.54,303525
1360,2014-10-23,56.76,57.32,56.35,56.96,399386
1361,2014-10-22,56.23,56.67,55.98,56.32,461926
1362,2014-10-21,56.37,56.46,55.53,56.25,725280
1363,2014-10-20,54.47,56.12,53.99,56.11,713761
1364,2014-10-17,55.88,55.96,53.75,54.34,1027876
1365,2014-10-16,56.27,56.97,55.4,55.56,1078693
1366,2014-10-15,54.93,57.0,54.2,56.45,948237
1367,2014-10-14,55.2,55.85,54.84,55.57,612794
1368,2014-10-13,55.51,55.64,54.65,54.77,692410
1369,2014-10-10,55.86,56.62,55.2375,55.615,747231
1370,2014-10-09,55.2,56.15,54.72,55.9,1012473
1371,2014-10-08,53.86,55.4,53.612,55.38,796043
1372,2014-10-07,54.01,54.6,53.69,53.86,731367
1373,2014-10-06,54.65,54.97,54.21,54.42,407791
1374,2014-10-03,54.77,54.885,54.13,54.49,561422
1375,2014-10-02,53.64,54.54,53.43,54.34,710181
1376,2014-10-01,53.61,53.78,52.9,53.44,806726
1377,2014-09-30,53.47,53.91,53.22,53.525,457941
1378,2014-09-29,53.24,53.6,53.08,53.46,349503
1379,2014-09-26,53.67,53.89,53.16,53.81,369719
1380,2014-09-25,53.94,53.94,52.78,53.52,705122
1381,2014-09-24,54.36,54.54,53.57,53.97,375071
1382,2014-09-23,54.48,54.67,54.01,54.14,445800
1383,2014-09-22,55.1,55.26,54.32,54.55,598800
1384,2014-09-19,56.01,56.12,54.83,55.12,810400
1385,2014-09-18,55.62,56.36,55.36,55.81,634500
1386,2014-09-17,54.64,55.56,54.5001,55.33,506000
1387,2014-09-16,54.54,55.185,54.38,54.75,701600
1388,2014-09-15,54.77,54.91,54.51,54.73,396600
1389,2014-09-12,54.68,55.27,54.58,54.81,846100
1390,2014-09-11,54.43,54.83,54.05,54.54,697700
1391,2014-09-10,53.92,54.42,53.54,54.35,577900
1392,2014-09-09,53.82,54.19,53.6,53.77,812700
1393,2014-09-08,53.31,54.025,53.31,53.97,517200
1394,2014-09-05,52.86,53.42,52.52,53.33,407000
1395,2014-09-04,53.35,53.47,52.51,52.95,470100
1396,2014-09-03,53.9,53.9,52.92,53.08,414000
1397,2014-09-02,53.17,53.66,52.8,53.4,508300
1398,2014-08-29,53.21,53.31,52.77,53.025,353500
1399,2014-08-28,52.72,53.3,52.6,53.02,360200
1400,2014-08-27,53.87,53.97,52.36,52.89,963100
1401,2014-08-26,53.18,54.16,52.87,53.89,771600
1402,2014-08-25,52.02,53.36,51.87,53.05,954700
1403,2014-08-22,50.91,51.33,50.7201,51.06,363300
1404,2014-08-21,51.02,51.12,50.54,51.01,572400
1405,2014-08-20,51.29,51.55,50.72,51.02,687500
1406,2014-08-19,51.85,51.95,51.38,51.53,768900
1407,2014-08-18,51.25,52.11,51.24,51.75,602100
1408,2014-08-15,50.71,51.195,50.4,51.11,704400
1409,2014-08-14,50.62,50.71,50.09,50.45,591600
1410,2014-08-13,50.44,50.93,50.44,50.53,638000
1411,2014-08-12,50.56,51.05,50.13,50.36,696600
1412,2014-08-11,50.78,50.97,50.3832,50.68,497700
1413,2014-08-08,50.35,50.73,50.05,50.68,568600
1414,2014-08-07,50.01,50.42,49.87,50.2,680900
1415,2014-08-06,49.42,50.21,49.42,50.15,604400
1416,2014-08-05,48.8,49.7,48.78,49.65,670900
1417,2014-08-04,49.88,50.15,48.81,49.2,767500
1418,2014-08-01,48.47,49.8,47.02,49.71,1308900
1419,2014-07-31,49.12,49.44,48.47,48.47,949700
1420,2014-07-30,48.97,49.32,48.6,49.11,451800
1421,2014-07-29,49.16,49.56,48.68,48.74,622300
1422,2014-07-28,48.76,49.415,48.54,49.21,392300
1423,2014-07-25,48.56,48.96,48.14,48.83,461500
1424,2014-07-24,48.59,48.99,48.41,48.73,412000
1425,2014-07-23,48.34,48.66,47.851,48.45,575600
1426,2014-07-22,49.67,49.76,48.08,48.08,1886300
1427,2014-07-21,48.58,49.62,48.5401,49.59,762200
1428,2014-07-18,48.1,49.05,48.0293,48.96,926200
1429,2014-07-17,46.65,48.2495,46.55,48.15,1178900
1430,2014-07-16,47.31,47.5397,46.5153,46.76,580000
1431,2014-07-15,47.24,47.7725,46.99,47.2,716600
1432,2014-07-14,47.29,47.92,47.28,47.67,464500
1433,2014-07-11,46.87,47.09,46.56,46.94,572300
1434,2014-07-10,46.85,47.29,46.68,46.87,549300
1435,2014-07-09,47.74,48.07,47.02,47.63,575500
1436,2014-07-08,47.98,48.45,47.265,47.37,1115900
1437,2014-07-07,48.44,48.72,47.9,48.3,688200
1438,2014-07-03,48.49,48.83,48.4,48.46,562000
1439,2014-07-02,48.9,49.07,48.28,48.43,763300
1440,2014-07-01,49.08,49.57,48.88,48.98,705000
1441,2014-06-30,48.99,49.34,48.87,49.21,555300
1442,2014-06-27,48.84,49.48,48.73,49.09,460900
1443,2014-06-26,48.67,49.15,48.33,48.94,491400
1444,2014-06-25,48.1,49.29,48.1,48.74,714000
1445,2014-06-24,48.86,49.19,48.26,48.42,639900
1446,2014-06-23,48.96,49.36,48.77,49.23,605200
1447,2014-06-20,49.44,49.66,48.86,48.88,1085100
1448,2014-06-19,50.47,50.55,48.81,49.46,1287000
1449,2014-06-18,51.28,51.5,50.28,50.3,1110700
1450,2014-06-17,50.06,51.59,50.03,51.31,874300
1451,2014-06-16,50.01,50.54,49.89,50.25,1002700
1452,2014-06-13,49.38,50.34,49.25,50.2,1114800
1453,2014-06-12,48.07,49.72,48.0,49.25,874300
1454,2014-06-11,47.43,48.2,47.03,48.08,916800
1455,2014-06-10,48.01,48.45,47.552,47.6,943700
1456,2014-06-09,48.53,48.97,48.34,48.67,519400
1457,2014-06-06,48.58,49.1,48.4164,48.67,747500
1458,2014-06-05,48.07,48.356,47.565,48.21,997300
1459,2014-06-04,47.73,47.91,46.84,47.83,1650900
1460,2014-06-03,49.76,49.86,47.94,48.06,1396600
1461,2014-06-02,50.7,50.86,49.9,50.25,471800
1462,2014-05-30,50.6,50.93,50.53,50.68,544000
1463,2014-05-29,50.94,50.98,50.31,50.6,526700
1464,2014-05-28,50.71,50.96,49.88,50.67,732900
1465,2014-05-27,49.93,50.9383,49.93,50.83,664500
1466,2014-05-23,49.5,50.15,49.475,49.82,547900
1467,2014-05-22,49.14,49.82,49.0601,49.36,459000
1468,2014-05-21,48.38,49.4,48.38,49.04,721900
1469,2014-05-20,48.72,49.05,48.17,48.25,660700
1470,2014-05-19,48.44,49.15,48.44,48.85,806200
1471,2014-05-16,49.14,49.41,48.28,48.72,765900
1472,2014-05-15,49.92,50.08,48.71,49.06,952100
1473,2014-05-14,50.75,50.75,50.15,50.18,369000
1474,2014-05-13,51.46,51.69,50.7875,50.86,354700
1475,2014-05-12,51.06,51.85,51.005,51.55,386000
1476,2014-05-09,50.97,51.01,50.173,50.81,368000
1477,2014-05-08,50.91,52.17,50.81,50.97,495900
1478,2014-05-07,51.79,52.285,50.3,51.07,899800
1479,2014-05-06,53.1,53.48,51.42,51.99,789500
1480,2014-05-05,52.48,53.425,52.03,53.29,432900
1481,2014-05-02,53.49,53.73,52.75,52.78,365500
1482,2014-05-01,53.35,53.48,52.68,53.46,374200
1483,2014-04-30,53.02,53.4,52.44,53.36,392100
1484,2014-04-29,52.71,53.12,52.5,52.91,272000
1485,2014-04-28,52.63,53.04,51.8,52.47,304200
1486,2014-04-25,52.63,52.78,52.36,52.44,360700
1487,2014-04-24,53.03,53.19,52.34,52.93,372300
1488,2014-04-23,52.66,53.05,52.34,52.67,359100
1489,2014-04-22,52.07,52.93,51.6225,52.74,512300
1490,2014-04-21,52.16,52.31,51.53,52.05,366600
1491,2014-04-17,51.42,52.59,51.15,52.2,726400
1492,2014-04-16,51.01,51.63,50.72,51.51,425500
1493,2014-04-15,50.48,51.1,49.3,50.44,805200
1494,2014-04-14,50.91,51.1,49.95,50.43,930700
1495,2014-04-11,50.94,51.57,50.33,50.75,586000
1496,2014-04-10,52.21,52.38,51.12,51.12,652400
1497,2014-04-09,52.3,52.56,51.64,52.37,1072300
1498,2014-04-08,51.67,51.87,50.65,51.11,1056900
1499,2014-04-07,53.7,53.97,51.62,51.67,832400
1500,2014-04-04,55.09,55.34,53.13,53.74,1019600
1501,2014-04-03,55.21,55.46,54.3245,54.75,795000
1502,2014-04-02,56.02,56.04,54.42,55.25,1051500
1503,2014-04-01,56.72,56.98,55.8,56.32,1064500
1504,2014-03-31,56.29,56.82,55.83,56.6,543900
1505,2014-03-28,56.56,56.77,55.45,55.75,625800
1506,2014-03-27,56.01,56.52,55.32,56.48,865200
1507,2014-03-26,57.26,57.56,56.01,56.06,597200
1508,2014-03-25,57.0,58.15,56.66,56.98,998200
1509,2014-03-24,56.24,56.62,55.32,56.57,679900
1510,2014-03-21,56.81,56.9528,55.94,55.98,786500
1511,2014-03-20,55.96,56.67,55.84,56.66,545900
1512,2014-03-19,57.16,57.33,55.99,56.2,710600
1513,2014-03-18,58.61,58.9299,57.07,57.1,825600
1514,2014-03-17,58.86,59.28,58.4,58.61,662800
1515,2014-03-14,57.2,58.74,57.15,58.54,997500
1516,2014-03-13,56.93,57.49,56.7,57.18,675300
1517,2014-03-12,55.77,56.687,55.5001,56.64,329000
1518,2014-03-11,56.41,56.54,55.84,56.11,423700
1519,2014-03-10,57.07,57.345,56.44,56.46,436300
1520,2014-03-07,57.64,57.71,57.09,57.28,340600
1521,2014-03-06,57.26,58.24,57.01,57.4,562200
1522,2014-03-05,56.58,57.26,56.33,57.25,557100
1523,2014-03-04,55.51,56.6825,55.51,56.59,637200
1524,2014-03-03,53.3,55.45,53.0,55.4,879700
1525,2014-02-28,54.0,54.856,53.9,54.03,527500
1526,2014-02-27,53.7,54.04,53.3501,53.92,370800
1527,2014-02-26,53.87,54.39,53.51,53.72,407500
1528,2014-02-25,54.34,54.55,53.7301,53.86,347900
1529,2014-02-24,54.56,54.93,54.26,54.27,501500
1530,2014-02-21,54.8,54.95,54.08,54.17,630000
1531,2014-02-20,55.44,55.75,54.35,54.69,763300
1532,2014-02-19,56.31,56.45,55.285,55.35,540600
1533,2014-02-18,56.52,56.7199,56.07,56.49,433900
1534,2014-02-14,56.73,57.09,55.85,56.31,630200
1535,2014-02-13,55.86,57.26,55.74,56.66,997300
1536,2014-02-12,54.87,56.055,54.7,56.05,720600
1537,2014-02-11,54.37,55.51,54.37,54.74,934700
1538,2014-02-10,53.93,54.5,53.42,54.37,922300
1539,2014-02-07,52.0,53.6,51.51,53.42,705800
1540,2014-02-06,51.0,51.71,50.86,51.68,664900
1541,2014-02-05,51.0,51.27,50.15,50.72,475000
1542,2014-02-04,49.99,51.36,49.54,51.0,1053100
1543,2014-02-03,52.1,52.31,49.0,49.13,1283300
1544,2014-01-31,50.75,52.45,50.7,52.02,790300
1545,2014-01-30,50.37,51.64,50.05,51.4,786900
1546,2014-01-29,49.99,50.4,49.71,49.72,681500
1547,2014-01-28,49.31,50.27,49.12,50.19,726500
1548,2014-01-27,50.24,50.46,48.92,49.02,752800
1549,2014-01-24,50.66,50.74,49.81,50.03,678500
1550,2014-01-23,50.71,50.97,50.11,50.73,829100
1551,2014-01-22,50.06,50.97,49.95,50.75,568200
1552,2014-01-21,50.88,50.98,49.84,49.87,648200
1553,2014-01-17,48.9,50.3399,48.7544,49.88,1331600
1554,2014-01-16,49.68,49.8,48.99,49.05,480800
1555,2014-01-15,49.74,50.02,49.17,49.83,470100
1556,2014-01-14,48.49,50.12,48.45,49.74,925000
1557,2014-01-13,50.0,50.0,48.22,48.47,526300
1558,2014-01-10,49.67,50.03,49.4,49.85,493900
1559,2014-01-09,50.03,50.4,49.48,49.76,610400
1560,2014-01-08,50.68,50.91,49.81,50.02,624800
1561,2014-01-07,51.18,51.39,50.37,50.69,515200
1562,2014-01-06,51.73,51.92,50.93,50.93,550900
1563,2014-01-03,51.29,51.9,51.0626,51.66,648600
1564,2014-01-02,51.89,51.9789,50.76,50.98,522100
1565,2013-12-31,51.95,52.21,51.6,51.96,567400
1566,2013-12-30,52.47,52.67,52.06,52.24,642200
1567,2013-12-27,52.79,53.1146,52.5,52.61,358900
1568,2013-12-26,53.27,53.52,52.82,52.84,306700
1569,2013-12-24,53.26,53.49,52.74,53.1,183200
1570,2013-12-23,52.64,53.31,52.33,53.11,528500
1571,2013-12-20,52.03,52.43,51.67,52.38,1054500
1572,2013-12-19,52.25,52.49,51.75,51.94,508600
1573,2013-12-18,52.5,52.55,51.34,52.43,692400
1574,2013-12-17,52.5,52.77,52.26,52.35,457900
1575,2013-12-16,52.06,52.83,52.0,52.6,516100
1576,2013-12-13,51.97,52.24,51.33,51.75,375100
1577,2013-12-12,50.93,52.29,50.72,51.7,724400
1578,2013-12-11,52.04,52.04,50.51,50.73,609200
1579,2013-12-10,50.71,51.64,50.68,51.39,360200
1580,2013-12-09,51.5,52.18,51.07,51.19,486000
1581,2013-12-06,50.96,51.865,50.67,51.45,713500
1582,2013-12-05,50.88,51.18,50.35,50.59,720800
1583,2013-12-04,50.85,51.27,50.16,51.14,519800
1584,2013-12-03,52.73,52.8,51.17,51.27,670400
1585,2013-12-02,52.47,53.85,52.3001,52.98,657900
1586,2013-11-29,52.78,52.9499,52.25,52.28,231700
1587,2013-11-27,53.2,53.32,52.45,52.69,337600
1588,2013-11-26,53.63,53.64,52.87,53.21,350900
1589,2013-11-25,54.76,54.76,53.74,53.8,368900
1590,2013-11-22,54.31,54.79,53.85,54.53,587000
1591,2013-11-21,53.02,54.36,53.02,54.14,820500
1592,2013-11-20,51.36,52.97,51.21,52.92,920300
1593,2013-11-19,51.23,51.6,50.93,51.36,309700
1594,2013-11-18,51.52,51.81,50.93,51.13,345000
1595,2013-11-15,50.58,51.61,50.351,51.58,387500
1596,2013-11-14,50.78,50.84,50.42,50.54,258200
1597,2013-11-13,49.87,50.65,49.84,50.65,375800
1598,2013-11-12,51.2,51.56,50.13,50.18,389800
1599,2013-11-11,51.02,52.02,51.0,51.41,638100
1600,2013-11-08,49.56,51.18,49.4,51.12,446000
1601,2013-11-07,50.7,50.97,49.36,49.38,541800
1602,2013-11-06,50.41,50.75,50.12,50.52,290400
1603,2013-11-05,49.64,50.35,49.49,50.1,436700
1604,2013-11-04,48.78,49.85,48.78,49.7,405300
1605,2013-11-01,50.11,51.5,48.25,48.99,705800
1606,2013-10-31,49.39,49.75,48.37,48.43,762600
1607,2013-10-30,50.15,50.28,49.19,49.29,455100
1608,2013-10-29,50.2,51.0,49.65,49.91,744000
1609,2013-10-28,50.61,50.82,49.41,49.61,676200
1610,2013-10-25,50.42,50.8,50.2103,50.64,516900
1611,2013-10-24,50.84,50.98,50.14,50.28,412900
1612,2013-10-23,50.11,50.75,49.71,50.68,649900
1613,2013-10-22,49.68,50.41,49.46,50.27,821300
1614,2013-10-21,49.65,49.75,49.24,49.57,423500
1615,2013-10-18,48.98,49.92,48.6,49.478,848500
1616,2013-10-17,47.82,48.31,47.82,48.095,389900
1617,2013-10-16,47.34,48.3999,47.25,47.92,392200
1618,2013-10-15,47.68,47.72,47.18,47.25,372000
1619,2013-10-14,46.65,47.78,46.63,47.73,395700
1620,2013-10-11,46.8,47.32,46.8,47.05,346500
1621,2013-10-10,45.86,47.02,45.65,46.9,576200
1622,2013-10-09,45.4,46.0,45.15,45.42,843100
1623,2013-10-08,45.97,46.08,45.26,45.45,476700
1624,2013-10-07,45.83,46.31,45.685,45.82,408600
1625,2013-10-04,46.07,46.51,45.77,46.19,478500
1626,2013-10-03,45.41,46.175,44.86,45.95,633400
1627,2013-10-02,46.27,46.66,45.3,45.63,567900
1628,2013-10-01,45.2,46.98,45.02,46.76,1144100
1629,2013-09-30,44.92,45.43,44.9,45.23,455700
1630,2013-09-27,45.17,45.57,45.11,45.36,241900
1631,2013-09-26,45.14,45.51,45.02,45.44,283800
1632,2013-09-25,45.07,45.37,44.58,45.02,360500
1633,2013-09-24,45.22,45.58,44.72,45.15,470500
1634,2013-09-23,45.18,45.54,44.9,45.14,501500
1635,2013-09-20,45.73,45.91,45.27,45.32,1012600
1636,2013-09-19,45.65,45.74,45.23,45.7,378900
1637,2013-09-18,45.11,45.74,44.93,45.48,500400
1638,2013-09-17,45.17,45.36,44.86,45.3,716700
1639,2013-09-16,46.36,46.49,45.01,45.21,666000
1640,2013-09-13,46.1,46.65,45.77,46.16,355300
1641,2013-09-12,46.37,46.59,45.96,46.11,252600
1642,2013-09-11,45.91,46.49,45.79,46.45,511500
1643,2013-09-10,45.9,46.23,45.62,45.89,449100
1644,2013-09-09,45.21,45.83,45.15,45.61,424800
1645,2013-09-06,45.33,45.66,44.44,45.23,693100
1646,2013-09-05,45.38,45.78,45.11,45.28,424200
1647,2013-09-04,44.92,45.31,44.611,45.19,710100
1648,2013-09-03,46.3,46.52,44.6,45.03,1624500
1649,2013-08-30,47.07,47.16,45.7,45.89,522200
1650,2013-08-29,46.99,47.47,46.99,47.17,405600
1651,2013-08-28,46.39,47.2,46.09,46.99,554000
1652,2013-08-27,48.23,48.49,46.27,46.47,799900
1653,2013-08-26,48.69,48.96,48.27,48.57,280400
1654,2013-08-23,48.98,49.0,48.26,48.53,266000
1655,2013-08-22,47.99,48.93,47.85,48.89,380400
1656,2013-08-21,47.89,48.29,47.6,47.85,268700
1657,2013-08-20,47.61,48.25,47.46,47.98,305800
1658,2013-08-19,47.7,48.33,47.56,47.58,322100
1659,2013-08-16,47.74,48.25,47.69,47.86,348000
1660,2013-08-15,48.43,48.65,47.71,47.91,604700
1661,2013-08-14,49.52,49.6999,48.62,49.05,366400
1662,2013-08-13,49.32,49.78,48.85,49.56,1154700
1663,2013-08-12,48.77,49.49,48.77,49.14,625800
1664,2013-08-09,48.34,48.88,48.12,48.77,595100
1665,2013-08-08,47.76,48.4,47.41,48.36,460900
1666,2013-08-07,47.14,47.73,46.8,47.49,589400
1667,2013-08-06,48.32,48.7,47.15,47.6,1240900
1668,2013-08-05,49.51,49.91,48.2,48.74,1264800
1669,2013-08-02,50.95,51.115,49.65,50.84,827400
1670,2013-08-01,50.64,51.0,50.42,50.8,887500
1671,2013-07-31,50.0,50.87,49.3404,50.1,639700
1672,2013-07-30,49.5,50.0,49.3,49.73,570700
1673,2013-07-29,49.24,49.5,48.92,49.47,446900
1674,2013-07-26,49.0,49.51,48.89,49.48,351300
1675,2013-07-25,49.5,49.8,48.8,49.26,548600
1676,2013-07-24,49.06,49.79,49.01,49.67,720600
1677,2013-07-23,49.49,49.58,48.56,49.0,724900
1678,2013-07-22,48.57,49.66,48.18,49.49,1045200
1679,2013-07-19,48.86,49.0999,48.47,48.67,420400
1680,2013-07-18,48.66,49.26,48.6425,49.12,398900
1681,2013-07-17,48.3,49.0,47.95,48.62,765700
1682,2013-07-16,47.79,48.3,47.621,48.04,488200
1683,2013-07-15,47.52,47.72,47.17,47.61,705800
1684,2013-07-12,47.47,47.89,47.1,47.25,1440400
1685,2013-07-11,47.31,47.4225,46.8701,47.29,1030000
1686,2013-07-10,47.64,47.83,46.91,47.07,658100
1687,2013-07-09,47.94,48.0,47.15,47.53,583000
1688,2013-07-08,47.65,48.0,47.5,47.62,555800
1689,2013-07-05,47.48,47.59,47.08,47.43,675100
1690,2013-07-03,46.91,47.31,46.71,46.97,470100
1691,2013-07-02,47.25,47.53,46.3,46.7,1238600
1692,2013-07-01,46.76,47.96,46.75,47.39,695400
1693,2013-06-28,47.13,47.13,46.34,46.64,1304800
1694,2013-06-27,45.78,46.95,45.53,46.85,1148700
1695,2013-06-26,44.73,45.579,44.38,45.42,1135900
1696,2013-06-25,44.19,44.85,43.8,44.27,1055300
1697,2013-06-24,42.76,44.0,42.58,43.78,859700
1698,2013-06-21,42.69,43.13,41.97,42.61,703700
1699,2013-06-20,42.58,42.98,42.08,42.58,718000
1700,2013-06-19,43.49,43.7,42.94,42.94,416500
1701,2013-06-18,43.15,43.77,43.08,43.37,510700
1702,2013-06-17,42.94,43.18,42.8,43.13,606800
1703,2013-06-14,42.41,43.1499,42.3,42.57,538300
1704,2013-06-13,41.36,42.35,41.0765,42.27,371700
1705,2013-06-12,42.0,42.39,41.34,41.49,350600
1706,2013-06-11,41.99,42.62,41.61,41.81,428100
1707,2013-06-10,41.75,42.28,41.4,42.21,856900
1708,2013-06-07,40.72,41.34,40.3648,41.2,660000
1709,2013-06-06,39.88,40.62,39.88,40.5,498600
1710,2013-06-05,39.95,40.14,39.77,39.93,978100
1711,2013-06-04,40.63,40.7,39.73,39.97,839600
1712,2013-06-03,40.44,40.64,39.75,40.42,503300
1713,2013-05-31,40.7,40.87,40.1,40.14,568700
1714,2013-05-30,40.72,40.8999,40.51,40.67,333400
1715,2013-05-29,40.56,40.69,40.32,40.56,309200
1716,2013-05-28,40.93,41.0,40.56,40.73,371100
1717,2013-05-24,40.44,40.63,40.01,40.52,298100
1718,2013-05-23,39.94,40.54,39.65,40.54,367400
1719,2013-05-22,40.77,41.0,40.01,40.15,428700
1720,2013-05-21,40.65,40.9201,40.58,40.81,265700
1721,2013-05-20,40.79,40.96,40.54,40.62,369100
1722,2013-05-17,40.33,40.88,40.18,40.75,530100
1723,2013-05-16,40.04,40.52,39.85,40.27,392900
1724,2013-05-15,39.97,40.25,39.83,40.03,618500
1725,2013-05-14,39.59,39.99,39.545,39.99,441900
1726,2013-05-13,39.38,39.91,39.27,39.65,461900
1727,2013-05-10,39.11,39.46,39.05,39.31,281400
1728,2013-05-09,39.26,39.5,38.98,39.06,284400
1729,2013-05-08,39.22,39.44,38.88,39.21,537700
1730,2013-05-07,39.1,39.26,38.88,39.13,558200
1731,2013-05-06,39.295,39.518,38.77,38.92,686600
1732,2013-05-03,38.0,39.46,37.55,38.75,754500
1733,2013-05-02,37.35,37.68,37.1101,37.51,422300
1734,2013-05-01,37.48,37.95,37.27,37.3,401000
1735,2013-04-30,36.93,37.55,36.714,37.53,453400
1736,2013-04-29,36.65,37.09,36.48,37.04,426200
1737,2013-04-26,36.57,36.66,36.34,36.53,280700
1738,2013-04-25,36.48,36.75,36.31,36.61,414900
1739,2013-04-24,36.56,36.69,36.3,36.45,362800
1740,2013-04-23,36.4,36.81,36.13,36.45,549900
1741,2013-04-22,36.58,36.61,36.18,36.36,582800
1742,2013-04-19,36.22,36.71,36.22,36.61,344700
1743,2013-04-18,36.34,36.5,35.94,36.15,357500
1744,2013-04-17,36.48,36.48,35.94,36.21,424200
1745,2013-04-16,36.49,36.95,36.23,36.72,478500
1746,2013-04-15,36.91,37.17,36.18,36.19,502700
1747,2013-04-12,37.15,37.23,36.93,36.96,234700
1748,2013-04-11,36.95,37.478,36.92,37.24,436200
1749,2013-04-10,36.38,37.18,36.27,36.925,601400
1750,2013-04-09,36.66,36.67,36.12,36.15,444900
1751,2013-04-08,36.42,36.56,36.08,36.54,203200
1752,2013-04-05,36.09,36.41,35.76,36.41,422000
1753,2013-04-04,36.24,36.4405,36.06,36.39,391500
1754,2013-04-03,37.0,37.0,35.93,36.13,668400
1755,2013-04-02,36.96,36.97,36.75,36.86,358600
1756,2013-04-01,36.89,36.95,36.34,36.71,317100
1757,2013-03-28,36.56,36.99,36.42,36.94,303200
1758,2013-03-27,36.39,36.6,36.2,36.56,254100
1759,2013-03-26,36.64,36.79,36.32,36.58,366300
1760,2013-03-25,36.38,36.75,36.33,36.59,477700
1761,2013-03-22,36.21,36.39,36.05,36.39,449200
1762,2013-03-21,36.18,36.63,36.18,36.23,343300
1763,2013-03-20,36.02,36.59,35.93,36.41,268600
1764,2013-03-19,36.15,36.24,35.78,35.96,378000
1765,2013-03-18,35.88,36.28,35.8,36.13,338200
1766,2013-03-15,36.37,36.48,35.99,36.17,662300
1767,2013-03-14,36.0,36.83,35.92,36.36,704400
1768,2013-03-13,36.05,36.05,35.61,35.86,646400
1769,2013-03-12,35.94,35.94,35.62,35.76,373200
1770,2013-03-11,35.74,36.0,35.74,35.89,236800
1771,2013-03-08,36.0,36.0,35.57,35.66,454700
1772,2013-03-07,35.95,36.15,35.68,35.78,280000
1773,2013-03-06,36.15,36.2,35.79,35.86,272300
1774,2013-03-05,36.03,36.13,35.86,36.02,282300
1775,2013-03-04,35.5,35.88,35.26,35.85,486500
1776,2013-03-01,35.84,35.92,35.22,35.42,991500
1777,2013-02-28,35.84,36.19,35.72,35.92,428400
1778,2013-02-27,35.54,36.16,35.52,35.89,370500
1779,2013-02-26,35.0,35.8,34.9,35.66,578500
1780,2013-02-25,35.6,35.88,34.72,34.74,398600
1781,2013-02-22,35.53,35.63,35.24,35.54,251200
1782,2013-02-21,35.39,35.67,35.24,35.38,387200
1783,2013-02-20,35.89,35.95,35.27,35.37,395000
1784,2013-02-19,36.05,36.05,35.54,35.8,545300
1785,2013-02-15,35.72,36.1099,35.6874,35.96,501600
1786,2013-02-14,35.05,35.87,34.59,35.69,782100
1787,2013-02-13,34.92,35.08,34.85,34.99,373600
1788,2013-02-12,34.9,35.1,34.8,34.96,556000
1789,2013-02-11,34.5,34.87,34.17,34.78,658800
1790,2013-02-08,34.39,34.68,33.64,34.46,464500
1791,2013-02-07,34.27,34.37,33.97,34.3,373800
1792,2013-02-06,33.91,34.35,33.84,34.23,431600
1793,2013-02-05,33.95,34.17,33.87,34.05,401700
1794,2013-02-04,33.85,34.09,33.66,33.93,463800
1795,2013-02-01,34.0,34.18,33.66,34.0,473800
1796,2013-01-31,33.53,33.92,33.51,33.88,353500
1797,2013-01-30,33.53,33.7,33.47,33.59,235500
1798,2013-01-29,33.5,33.61,33.37,33.56,299500
1799,2013-01-28,33.47,33.7,33.3701,33.48,358700
1800,2013-01-25,33.35,33.4225,33.07,33.39,409400
1801,2013-01-24,33.13,33.5,33.12,33.39,321400
1802,2013-01-23,33.25,33.26,32.94,33.15,347100
1803,2013-01-22,33.14,33.32,32.9911,33.24,348400
1804,2013-01-18,32.69,33.33,32.6001,33.12,597700
1805,2013-01-17,32.48,32.69,32.38,32.63,317200
1806,2013-01-16,32.17,32.54,32.06,32.49,548000
1807,2013-01-15,31.75,32.27,31.75,32.25,451400
1808,2013-01-14,31.87,31.99,31.84,31.96,321900
1809,2013-01-11,31.7,31.92,31.52,31.87,335500
1810,2013-01-10,31.18,31.76,31.13,31.74,628300
1811,2013-01-09,31.41,31.68,31.19,31.6,465900
1812,2013-01-08,31.41,31.42,31.15,31.23,445500
1813,2013-01-07,31.27,31.44,31.2,31.34,335900
1814,2013-01-04,30.6,31.33,30.55,31.25,727000
1815,2013-01-03,30.0,30.57,29.922,30.53,807100
1816,2013-01-02,29.74,30.21,29.74,30.13,597400
1817,2012-12-31,29.4,29.49,29.29,29.46,618600
1818,2012-12-28,29.27,29.53,29.1101,29.37,1050700
1819,2012-12-27,29.64,29.64,29.16,29.33,556300
1820,2012-12-26,29.77,29.77,29.14,29.58,543800
1821,2012-12-24,30.12,30.16,29.715,29.88,281400
1822,2012-12-21,30.4,30.45,30.06,30.14,1143800
1823,2012-12-20,30.55,30.79,30.22,30.68,1350400
1824,2012-12-19,29.5,29.68,29.43,29.51,664100
1825,2012-12-18,29.97,30.3,29.87,30.17,992000
1826,2012-12-17,29.99,30.16,29.64,29.88,670600
1827,2012-12-14,29.95,30.07,29.82,29.88,445800
1828,2012-12-13,30.14,30.2,29.87,30.0,284200
1829,2012-12-12,29.95,30.19,29.95,30.1,601400
1830,2012-12-11,29.92,30.21,29.75,29.91,619400
1831,2012-12-10,30.01,30.05,29.86,29.92,260400
1832,2012-12-07,30.16,30.16,29.91,29.99,186700
1833,2012-12-06,29.88,30.19,29.78,30.13,556500
1834,2012-12-05,29.86,29.98,29.62,29.85,348500
1835,2012-12-04,29.84,30.0,29.72,29.83,329000
1836,2012-12-03,30.08,30.15,29.61,29.73,261300
1837,2012-11-30,29.79,30.03,29.7,29.98,468600
1838,2012-11-29,29.79,29.86,29.5701,29.75,195500
1839,2012-11-28,29.25,29.91,29.145,29.72,388600
1840,2012-11-27,29.43,29.69,29.17,29.53,299600
1841,2012-11-26,29.54,29.685,29.43,29.49,248100
1842,2012-11-23,29.49,29.63,29.48,29.56,169900
1843,2012-11-21,29.5,29.5,29.35,29.47,225300
1844,2012-11-20,29.49,29.51,29.3,29.41,324700
1845,2012-11-19,29.77,29.82,29.45,29.48,326100
1846,2012-11-16,29.29,29.73,29.11,29.59,478300
1847,2012-11-15,29.35,29.45,29.11,29.32,421200
1848,2012-11-14,29.68,29.78,29.18,29.41,485200
1849,2012-11-13,29.87,30.0,29.615,29.69,288700
1850,2012-11-12,30.08,30.25,29.7,30.0,332700
1851,2012-11-09,30.07,30.25,29.99,30.05,277000
1852,2012-11-08,30.36,30.467,30.07,30.17,300900
1853,2012-11-07,30.42,30.49,30.22,30.38,486800
1854,2012-11-06,30.59,30.84,30.42,30.61,443900
1855,2012-11-05,30.17,30.65,29.94,30.46,403700
1856,2012-11-02,30.75,30.95,30.14,30.2,612300
1857,2012-11-01,29.59,30.66,29.43,30.66,1201500
1858,2012-10-31,29.12,29.54,29.01,29.47,430000
1859,2012-10-26,28.98,29.23,28.93,29.15,254400
1860,2012-10-25,29.06,29.11,28.91,29.04,254200
1861,2012-10-24,28.89,29.06,28.82,28.95,330100
1862,2012-10-23,28.78,28.85,28.56,28.75,343600
1863,2012-10-22,28.81,29.06,28.67,28.96,370500
1864,2012-10-19,29.47,29.54,28.87,28.97,709200
1865,2012-10-18,29.54,29.81,29.35,29.47,247000
1866,2012-10-17,29.51,29.63,29.36,29.58,380000
1867,2012-10-16,29.47,29.52,29.37,29.4651,270700
1868,2012-10-15,29.39,29.52,29.23,29.34,334100
1869,2012-10-12,29.45,29.49,29.05,29.29,381800
1870,2012-10-11,29.7,29.7605,29.42,29.46,184200
1871,2012-10-10,29.55,29.7,29.41,29.51,256100
1872,2012-10-09,29.68,29.8,29.46,29.61,287200
1873,2012-10-08,29.62,29.72,29.52,29.6,212600
1874,2012-10-05,29.75,30.08,29.67,29.7,350500
1875,2012-10-04,29.6,29.75,29.46,29.67,333600
1876,2012-10-03,29.39,29.52,29.26,29.51,365000
1877,2012-10-02,29.53,29.62,29.28,29.43,507500
1878,2012-10-01,29.48,29.75,29.24,29.56,589600
1879,2012-09-28,29.64,29.64,29.29,29.4,486000
1880,2012-09-27,29.84,30.0,29.6,29.68,473800
1881,2012-09-26,29.71,29.81,29.19,29.32,471800
1882,2012-09-25,30.39,30.39,29.61,29.72,622900
1883,2012-09-24,30.01,30.35,30.01,30.24,821300
1884,2012-09-21,30.39,30.39,30.17,30.24,1032200
1885,2012-09-20,30.21,30.33,29.9,30.27,806400
1886,2012-09-19,29.85,30.31,29.75,30.21,909600
1887,2012-09-18,29.66,30.0,29.585,29.81,909400
1888,2012-09-17,29.26,29.67,29.17,29.62,602800
1889,2012-09-14,29.13,29.49,29.0,29.3,513200
1890,2012-09-13,28.8,29.14,28.7201,29.0,492300
1891,2012-09-12,28.73,28.86,28.56,28.8,203300
1892,2012-09-11,28.63,28.89,28.61,28.69,291100
1893,2012-09-10,28.81,29.03,28.63,28.66,262000
1894,2012-09-07,28.75,29.06,28.64,28.85,461100
1895,2012-09-06,28.73,28.87,28.57,28.71,505100
1896,2012-09-05,28.93,28.97,28.5,28.67,346300
1897,2012-09-04,28.39,29.0,28.23,28.93,536100
1898,2012-08-31,28.56,28.63,28.28,28.44,328400
1899,2012-08-30,28.64,28.64,28.27,28.59,274200
1900,2012-08-29,28.7,28.96,28.57,28.73,324800
1901,2012-08-28,28.75,29.12,28.56,28.9,237500
1902,2012-08-27,28.91,29.12,28.69,28.75,370200
1903,2012-08-24,28.58,28.84,28.57,28.79,188400
1904,2012-08-23,28.75,28.79,28.54,28.72,232300
1905,2012-08-22,28.81,28.84,28.53,28.73,172800
1906,2012-08-21,28.9,28.9,28.58,28.78,350800
1907,2012-08-20,28.91,28.99,28.64,28.83,228300
1908,2012-08-17,29.0,29.02,28.7501,28.87,496400
1909,2012-08-16,29.08,29.08,28.84,28.99,276800
1910,2012-08-15,29.01,29.1,28.95,28.98,176500
1911,2012-08-14,29.05,29.09,28.945,29.04,216100
1912,2012-08-13,28.96,29.06,28.89,29.01,200700
1913,2012-08-10,28.92,29.03,28.89,28.93,236100
1914,2012-08-09,28.98,29.12,28.92,28.93,266000
1915,2012-08-08,29.0,29.12,28.94,29.04,314400
1916,2012-08-07,28.56,29.145,28.34,29.02,801000
1917,2012-08-06,28.29,28.77,28.29,28.56,451100
1918,2012-08-03,28.22,28.48,28.05,28.19,400800
1919,2012-08-02,28.32,28.43,27.62,27.98,441300
1920,2012-08-01,28.63,28.76,28.25,28.4,592200
1921,2012-07-31,28.5,28.56,28.28,28.5,307400
1922,2012-07-30,28.64,28.79,28.45,28.54,165700
1923,2012-07-27,28.72,28.86,28.49,28.67,380900
1924,2012-07-26,28.46,28.65,28.46,28.65,342200
1925,2012-07-25,28.14,28.37,28.03,28.31,266100
1926,2012-07-24,28.3,28.35,27.87,28.03,379400
1927,2012-07-23,27.87,28.34,27.62,28.31,354300
1928,2012-07-20,28.15,28.26,27.975,28.13,266500
1929,2012-07-19,28.43,28.47,28.09,28.26,427400
1930,2012-07-18,28.19,28.65,28.19,28.4,628600
1931,2012-07-17,28.25,28.35,27.97,28.19,690200
1932,2012-07-16,28.22,28.34,28.12,28.17,246600
1933,2012-07-13,27.87,28.22,27.79,28.18,425500
1934,2012-07-12,27.48,27.81,27.4,27.71,351700
1935,2012-07-11,27.74,27.74,27.46,27.63,394400
1936,2012-07-10,27.92,27.95,27.56,27.68,328000
1937,2012-07-09,27.7,27.78,27.57,27.75,184000
1938,2012-07-06,27.86,27.98,27.47,27.75,279300
1939,2012-07-05,27.92,28.1,27.72,27.99,412000
1940,2012-07-03,28.0,28.25,27.85,27.92,306100
1941,2012-07-02,27.77,27.95,27.67,27.9,316400
1942,2012-06-29,27.81,27.87,27.52,27.68,415300
1943,2012-06-28,27.08,27.61,26.94,27.58,305700
1944,2012-06-27,27.11,27.3,27.051,27.22,229900
1945,2012-06-26,26.95,27.22,26.85,27.1,254300
1946,2012-06-25,26.94,27.08,26.76,26.96,501100
1947,2012-06-22,27.42,27.48,26.92,26.98,2824700
1948,2012-06-21,27.53,27.64,27.0203,27.23,434300
1949,2012-06-20,27.81,27.81,27.32,27.56,625700
1950,2012-06-19,28.1,28.11,27.67,27.74,627700
1951,2012-06-18,27.05,28.12,27.0,27.98,938400
1952,2012-06-15,27.47,27.6,27.22,27.24,803400
1953,2012-06-14,26.84,27.45,26.84,27.33,660400
1954,2012-06-13,26.78,27.315,26.78,26.93,505000
1955,2012-06-12,26.82,26.99,26.68,26.94,371100
1956,2012-06-11,26.91,26.99,26.66,26.69,556300
1957,2012-06-08,26.57,26.73,26.26,26.7,291700
1958,2012-06-07,26.73,26.8,26.5,26.6,613000
1959,2012-06-06,26.0,26.64,25.9,26.59,966200
1960,2012-06-05,25.28,25.9,25.28,25.9,553300
1961,2012-06-04,25.17,25.46,25.1,25.43,656300
1962,2012-06-01,24.91,25.14,24.8,25.1,374500
1963,2012-05-31,25.06,25.3,24.85,25.25,558000
1964,2012-05-30,25.41,25.41,25.0,25.04,270900
1965,2012-05-29,25.45,25.75,25.27,25.63,505000
1966,2012-05-25,25.35,25.46,25.18,25.24,334200
1967,2012-05-24,25.23,25.4,25.02,25.39,285000
1968,2012-05-23,24.95,25.2,24.75,25.19,345000
1969,2012-05-22,25.07,25.45,24.96,25.06,391400
1970,2012-05-21,24.97,25.06,24.73,24.96,310600
1971,2012-05-18,24.88,24.94,24.66,24.92,530000
1972,2012-05-17,25.0,25.0,24.56,24.56,485500
1973,2012-05-16,25.4,25.41,24.93,24.96,507400
1974,2012-05-15,24.91,25.33,24.91,25.31,449800
1975,2012-05-14,25.0,25.19,24.95,25.0,340600
1976,2012-05-11,25.21,25.54,25.03,25.3,325800
1977,2012-05-10,25.68,25.69,25.2105,25.33,361000
1978,2012-05-09,25.14,25.55,25.0,25.48,539700
1979,2012-05-08,25.25,25.37,24.79,25.33,621600
1980,2012-05-07,25.76,25.87,25.31,25.4,583500
1981,2012-05-04,26.01,26.08,25.63,25.88,354700
1982,2012-05-03,25.89,26.11,25.7,26.04,558900
1983,2012-05-02,26.48,26.48,25.67,25.91,967600
1984,2012-05-01,26.31,26.93,26.31,26.64,616300
1985,2012-04-30,26.69,26.72,26.41,26.44,238200
1986,2012-04-27,26.77,26.83,26.56,26.76,337200
1987,2012-04-26,26.36,26.77,26.2075,26.69,492600
1988,2012-04-25,26.3,26.52,26.24,26.38,422400
1989,2012-04-24,26.18,26.4,25.95,26.09,612700
1990,2012-04-23,26.11,26.27,25.91,26.1,772600
1991,2012-04-20,26.53,26.63,26.24,26.29,428800
1992,2012-04-19,26.49,26.6755,26.272,26.39,327800
1993,2012-04-18,26.62,26.7,26.4,26.45,442300
1994,2012-04-17,26.78,26.82,26.56,26.63,543900
1995,2012-04-16,26.82,26.84,26.51,26.62,536400
1996,2012-04-13,26.94,27.03,26.6,26.63,655500
1997,2012-04-12,26.96,27.08,26.76,26.98,731000
1998,2012-04-11,27.25,27.29,26.84,26.9,571500
1999,2012-04-10,27.39,27.48,26.94,27.0,708200
2000,2012-04-09,27.41,27.47,27.07,27.39,886500
2001,2012-04-05,27.94,28.15,27.63,27.71,775500
2002,2012-04-04,27.89,28.13,27.78,27.97,951800
2003,2012-04-03,28.02,28.21,27.79,28.14,1114700
2004,2012-04-02,28.51,28.66,27.87,28.13,1087400
2005,2012-03-30,28.65,28.65,28.32,28.42,603000
2006,2012-03-29,28.52,28.75,28.41,28.57,499100
2007,2012-03-28,28.65,28.97,28.57,28.85,400100
2008,2012-03-27,29.21,29.37,28.71,28.72,817300
2009,2012-03-26,29.56,29.56,29.14,29.56,931100
2010,2012-03-23,29.01,29.56,28.9,29.51,1338400
2011,2012-03-22,28.86,29.15,28.77,29.02,858400
2012,2012-03-21,28.64,29.03,28.32,29.01,1000300
2013,2012-03-20,28.16,28.85,28.05,28.6,1075200
2014,2012-03-19,28.0,28.31,27.86,28.28,662000
2015,2012-03-16,28.18,28.18,27.92,28.02,893900
2016,2012-03-15,27.99,28.06,27.78,28.02,579000
2017,2012-03-14,27.74,28.0,27.52,27.91,1051300
2018,2012-03-13,27.84,27.84,27.1,27.65,924500
2019,2012-03-12,27.45,27.61,27.22,27.61,478100
2020,2012-03-09,27.49,27.58,27.28,27.37,601400
2021,2012-03-08,27.28,27.51,27.23,27.36,393700
2022,2012-03-07,27.21,27.27,26.8,27.17,566000
2023,2012-03-06,27.31,27.5,26.9,27.04,694500
2024,2012-03-05,27.53,27.79,27.41,27.56,431200
2025,2012-03-02,27.87,27.9,27.56,27.62,353400
2026,2012-03-01,27.61,28.02,27.48,27.88,834900
2027,2012-02-29,27.75,27.78,27.55,27.57,652500
2028,2012-02-28,27.77,27.91,27.52,27.9,486600
2029,2012-02-27,27.49,27.84,27.2606,27.8,391600
2030,2012-02-24,27.85,27.9287,27.52,27.65,347800
2031,2012-02-23,27.3288,27.91,27.2007,27.9,570200
2032,2012-02-22,27.28,27.5,27.15,27.36,402200
2033,2012-02-21,27.53,27.55,27.0017,27.28,719900
2034,2012-02-17,27.53,27.5592,27.24,27.5,542700
2035,2012-02-16,27.27,27.56,27.24,27.56,546400
2036,2012-02-15,27.41,27.55,27.07,27.34,986100
2037,2012-02-14,27.44,27.49,26.9,27.35,2611000
2038,2012-02-13,28.18,28.46,27.64,27.8,16750800
2039,2012-02-10,27.3,28.09,27.27,28.07,4754100
2040,2012-02-09,26.22,26.61,26.03,26.47,834900
2041,2012-02-08,25.31,26.59,25.28,26.3,1058000
2042,2012-02-07,26.58,26.79,26.5,26.73,447500
2043,2012-02-06,26.45,26.65,26.37,26.6,400100
2044,2012-02-03,26.46,26.63,26.308,26.54,857400
2045,2012-02-02,25.84,26.29,25.72,26.23,423100
2046,2012-02-01,25.73,26.0,25.59,25.71,781500
2047,2012-01-31,25.61,25.77,25.52,25.59,283200
2048,2012-01-30,25.37,25.65,25.37,25.52,221600
2049,2012-01-27,25.5,25.8,25.5,25.58,180000
2050,2012-01-26,25.61,25.89,25.51,25.62,317500
2051,2012-01-25,25.51,25.75,25.27,25.53,412600
2052,2012-01-24,25.69,25.93,25.43,25.64,397200
2053,2012-01-23,25.66,25.88,25.42,25.77,254400
2054,2012-01-20,25.72,25.89,25.4729,25.63,262600
2055,2012-01-19,25.43,26.0,25.37,25.67,285900
2056,2012-01-18,25.38,25.59,25.16,25.43,254900
2057,2012-01-17,25.84,25.87,25.37,25.39,368600
2058,2012-01-13,25.15,25.71,24.91,25.7,418100
2059,2012-01-12,25.29,25.48,25.17,25.3,392500
2060,2012-01-11,25.1,25.36,24.87,25.32,464100
2061,2012-01-10,25.23,25.27,24.44,25.1,1194000
2062,2012-01-09,25.19,25.24,24.69,25.02,435500
2063,2012-01-06,25.34,25.62,25.04,25.07,531200
2064,2012-01-05,25.46,25.46,25.15,25.35,321500
2065,2012-01-04,25.8,25.92,25.38,25.58,392300
2066,2012-01-03,26.12,26.22,25.91,25.97,443700
2067,2011-12-30,25.81,26.0,25.11,25.86,527900
2068,2011-12-29,25.92,26.25,25.75,25.82,427500
2069,2011-12-28,26.21,26.31,25.74,25.99,272600
2070,2011-12-27,26.2,26.41,25.78,26.17,349600
2071,2011-12-23,25.61,26.34,25.5,26.23,528600
2072,2011-12-22,25.73,25.9,25.37,25.44,672900
2073,2011-12-21,26.42,26.46,25.98,26.25,353500
2074,2011-12-20,26.1,26.4,25.99,26.25,455600
2075,2011-12-19,26.0,26.16,25.66,25.77,564400
2076,2011-12-16,25.67,26.02,25.6,25.97,684100
2077,2011-12-15,25.59,26.0,25.33,25.63,690100
2078,2011-12-14,25.12,25.54,25.12,25.3,628400
2079,2011-12-13,26.06,26.3,25.48,25.63,599900
2080,2011-12-12,26.24,26.36,25.89,26.12,696700
2081,2011-12-09,26.21,26.66,26.12,26.6,382000
2082,2011-12-08,26.0699,26.37,26.01,26.24,483600
2083,2011-12-07,26.02,26.3,26.0,26.26,552200
2084,2011-12-06,26.46,26.56,26.05,26.24,442700
2085,2011-12-05,26.78,26.91,26.36,26.6,569900
2086,2011-12-02,27.18,27.44,26.52,26.57,855600
2087,2011-12-01,26.77,27.18,26.7,27.02,657300
2088,2011-11-30,26.8,26.98,26.51,26.92,1930600
2089,2011-11-29,26.4,26.5,25.64,26.35,571900
2090,2011-11-28,26.37,26.49,25.92,26.34,648300
2091,2011-11-25,25.38,25.8,25.38,25.75,223500
2092,2011-11-23,25.71,25.81,25.23,25.41,363600
2093,2011-11-22,25.64,26.24,25.6,25.97,413400
2094,2011-11-21,25.95,26.12,25.58,25.74,584000
2095,2011-11-18,26.09,26.5,26.03,26.34,484700
2096,2011-11-17,26.54,26.66,25.6,26.11,743900
2097,2011-11-16,26.73,27.15,26.31,26.62,801700
2098,2011-11-15,26.47,27.0799,26.3212,26.9,392800
2099,2011-11-14,27.0,27.06,26.31,26.6,499300
2100,2011-11-11,27.14,27.32,26.89,27.04,401400
2101,2011-11-10,26.83,26.89,26.47,26.8,519200
2102,2011-11-09,26.16,26.89,26.16,26.5,688400
2103,2011-11-08,27.95,28.15,26.7,26.82,1172500
2104,2011-11-07,27.25,27.94,27.17,27.69,1180300
2105,2011-11-04,26.0,27.23,25.32,27.17,1426600
2106,2011-11-03,25.58,26.24,25.36,25.89,968500
2107,2011-11-02,25.67,25.91,24.92,25.2,465900
2108,2011-11-01,25.51,25.87,25.26,25.33,887800
2109,2011-10-31,25.78,26.36,25.78,26.13,449000
2110,2011-10-28,25.97,26.29,25.84,26.2,298000
2111,2011-10-27,26.27,26.5,25.71,26.15,772300
2112,2011-10-26,25.34,25.8,24.875,25.76,857900
2113,2011-10-25,26.12,26.12,24.98,24.99,507700
2114,2011-10-24,25.49,26.1,25.3013,26.07,670200
2115,2011-10-21,25.9,26.0,25.31,25.57,624600
2116,2011-10-20,25.35,25.76,25.12,25.67,574100
2117,2011-10-19,25.71,26.0,25.22,25.47,621000
2118,2011-10-18,25.75,25.99,25.48,25.73,694000
2119,2011-10-17,25.5,25.93,25.37,25.65,561100
2120,2011-10-14,26.36,26.38,25.63,25.69,417600
2121,2011-10-13,26.05,26.4,25.88,25.97,732800
2122,2011-10-12,26.29,26.48,25.942,26.19,654000
2123,2011-10-11,25.35,25.95,25.04,25.89,585300
2124,2011-10-10,24.97,25.57,24.53,25.5,561100
2125,2011-10-07,24.87,24.97,24.39,24.48,524500
2126,2011-10-06,25.11,25.22,24.59,24.81,612900
2127,2011-10-05,24.44,25.18,24.25,25.14,740300
2128,2011-10-04,23.82,24.38,23.58,24.3,908600
2129,2011-10-03,24.23,24.59,23.97,24.05,682000
2130,2011-09-30,25.21,25.21,23.62,24.47,1737900
2131,2011-09-29,26.89,26.9,25.08,25.72,951800
2132,2011-09-28,27.16,27.16,26.29,26.35,523200
2133,2011-09-27,27.19,27.62,27.03,27.16,699500
2134,2011-09-26,26.81,27.01,26.14,27.01,452000
2135,2011-09-23,26.66,26.89,26.22,26.6,654000
2136,2011-09-22,25.67,27.02,25.67,26.97,835200
2137,2011-09-21,27.11,27.29,26.35,26.38,749600
2138,2011-09-20,27.29,27.55,27.03,27.09,565300
2139,2011-09-19,26.73,27.48,26.3,27.24,1026400
2140,2011-09-16,26.49,27.29,26.35,27.28,2768000
2141,2011-09-15,26.94,26.94,26.25,26.34,712200
2142,2011-09-14,26.96,27.0,26.38,26.82,678700
2143,2011-09-13,26.43,26.92,26.07,26.82,1030000
2144,2011-09-12,25.77,26.33,25.37,26.3,857100
2145,2011-09-09,25.38,26.11,25.16,25.67,1646700
2146,2011-09-08,25.71,26.0,25.55,25.58,983400
2147,2011-09-07,24.57,25.9,24.47,25.87,1669300
2148,2011-09-06,23.36,24.23,23.14,24.19,1003800
2149,2011-09-02,24.49,24.49,23.88,24.03,698100
2150,2011-09-01,25.27,25.2999,24.69,24.73,423500
2151,2011-08-31,24.84,25.3,24.44,25.25,826900
2152,2011-08-30,24.95,25.07,24.62,24.96,435900
2153,2011-08-29,24.84,25.1,24.72,24.99,615000
2154,2011-08-26,23.15,24.51,23.03,24.51,745200
2155,2011-08-25,23.88,24.05,23.09,23.31,214400
2156,2011-08-24,23.01,23.83,22.5921,23.8,401500
2157,2011-08-23,22.64,23.05,22.57,23.04,443600
2158,2011-08-22,23.58,23.87,22.4,22.62,358500
2159,2011-08-19,22.37,23.33,22.26,23.2,491600
2160,2011-08-18,23.13,23.52,22.84,22.88,787500
2161,2011-08-17,24.09,24.09,23.52,23.78,457100
2162,2011-08-16,23.99,24.25,23.29,23.96,596400
2163,2011-08-15,23.92,24.19,23.86,24.19,550000
2164,2011-08-12,24.05,24.19,23.49,23.6,620100
2165,2011-08-11,22.38,23.99,22.29,23.9,1115800
2166,2011-08-10,22.75,23.06,22.2,22.28,805900
2167,2011-08-09,22.03,23.37,21.55,23.32,977900
2168,2011-08-08,22.47,22.73,21.65,21.67,711400
2169,2011-08-05,22.72,23.0,21.92,22.78,1086900
2170,2011-08-04,22.52,23.2,21.72,21.78,817900
2171,2011-08-03,22.84,22.99,22.47,22.88,465200
2172,2011-08-02,22.7,22.89,22.49,22.52,263100
2173,2011-08-01,23.19,23.31,22.6,22.83,355700
2174,2011-07-29,22.82,23.24,22.66,23.04,253600
2175,2011-07-28,23.21,23.35,22.96,23.07,205800
2176,2011-07-27,23.65,23.65,23.08,23.21,333900
2177,2011-07-26,23.74,23.92,23.48,23.73,263200
2178,2011-07-25,23.27,24.17,22.99,23.79,433700
2179,2011-07-22,23.67,23.73,23.2,23.2,242200
2180,2011-07-21,23.4,23.84,23.15,23.69,348000
2181,2011-07-20,23.11,23.45,22.98,23.36,234400
2182,2011-07-19,22.92,23.1138,22.56,23.04,265600
2183,2011-07-18,23.08,23.26,22.53,22.86,330900
2184,2011-07-15,23.53,23.55,22.69,23.05,627800
2185,2011-07-14,23.69,23.79,23.28,23.42,327900
2186,2011-07-13,23.99,24.24,23.67,23.71,273900
2187,2011-07-12,23.68,24.21,23.46,23.97,301500
2188,2011-07-11,24.32,24.43,23.71,23.79,292200
2189,2011-07-08,24.59,25.02,24.46,24.66,268300
2190,2011-07-07,24.91,25.13,24.545,24.94,433900
2191,2011-07-06,24.73,25.0,24.61,24.81,363000
2192,2011-07-05,24.73,24.96,24.59,24.77,414500
2193,2011-07-01,24.53,24.77,24.42,24.72,455600
2194,2011-06-30,24.35,25.0,24.22,24.6,531800
2195,2011-06-29,24.17,24.45,23.73,24.39,532800
2196,2011-06-28,23.88,24.26,23.43,24.12,414300
2197,2011-06-27,24.07,24.24,23.7,23.72,767900
2198,2011-06-24,24.05,24.28,23.6,24.1,4107000
2199,2011-06-23,24.18,24.33,24.0,24.11,639500
2200,2011-06-22,24.25,24.56,24.07,24.37,623800
2201,2011-06-21,23.92,24.48,23.885,24.29,745500
2202,2011-06-20,23.7,23.78,23.41,23.77,415900
2203,2011-06-17,23.57,23.98,23.51,23.79,1270300
2204,2011-06-16,23.71,23.84,23.33,23.4,1178500
2205,2011-06-15,24.11,24.11,23.68,23.77,976600
2206,2011-06-14,24.53,24.61,24.15,24.2,601400
2207,2011-06-13,24.43,24.69,24.27,24.36,572600
2208,2011-06-10,24.44,24.73,23.8701,24.26,363200
2209,2011-06-09,23.8,24.56,23.726,24.46,324100
2210,2011-06-08,23.38,24.22,23.3701,23.75,706800
2211,2011-06-07,24.7,24.7,23.78,24.36,707700
2212,2011-06-06,25.039,25.69,24.53,24.57,852000
2213,2011-06-03,25.2,25.74,25.033,25.53,324900
2214,2011-06-02,25.17,25.5,25.0,25.47,312900
2215,2011-06-01,26.2,26.205,25.15,25.17,258000
2216,2011-05-31,25.95,26.52,25.7034,26.32,1484800
2217,2011-05-27,25.94,26.01,25.51,25.87,371300
2218,2011-05-26,25.835,26.05,25.62,25.71,294400
2219,2011-05-25,26.51,26.59,25.8,25.91,781300
2220,2011-05-24,27.1,27.4997,26.511,26.64,752200
2221,2011-05-23,27.88,28.06,27.55,27.93,409600
2222,2011-05-20,28.01,28.47,28.01,28.17,530700
2223,2011-05-19,28.01,28.38,27.96,28.05,610600
2224,2011-05-18,28.0,28.41,27.78,27.86,434100
2225,2011-05-17,27.66,28.44,27.65,28.04,704500
2226,2011-05-16,27.01,27.84,27.01,27.64,588600
2227,2011-05-13,27.12,27.3,26.9,26.94,151800
2228,2011-05-12,26.95,27.47,26.61,27.16,255100
2229,2011-05-11,26.97,27.5,26.72,27.03,297200
2230,2011-05-10,26.8,27.05,26.65,26.96,238400
2231,2011-05-09,26.27,27.04,26.06,26.82,297200
2232,2011-05-06,26.44,26.73,26.08,26.33,237000
2233,2011-05-05,25.99,26.61,25.95,26.33,267600
2234,2011-05-04,26.75,27.0,25.93,26.28,413400
2235,2011-05-03,26.82,26.952,26.52,26.8,194600
2236,2011-05-02,26.82,26.95,26.38,26.82,193000
2237,2011-04-29,27.33,27.33,26.55,26.82,149000
2238,2011-04-28,27.17,27.48,27.02,27.35,236300
2239,2011-04-27,26.99,27.19,26.75,27.19,143400
2240,2011-04-26,26.83,27.15,26.73,26.86,124800
2241,2011-04-25,27.0,27.2524,26.64,26.82,192100
2242,2011-04-21,27.0,27.15,26.75,27.1,152700
2243,2011-04-20,27.0,27.09,26.62,26.85,195500
2244,2011-04-19,26.93,27.0,26.63,26.67,164500
2245,2011-04-18,26.93,27.23,26.76,26.92,177900
2246,2011-04-15,27.02,27.35,27.01,27.17,175000
2247,2011-04-14,26.75,27.24,26.66,27.02,174600
2248,2011-04-13,26.91,26.996,26.54,26.85,109500
2249,2011-04-12,26.84,26.99,26.61,26.78,217200
2250,2011-04-11,26.98,27.2394,26.73,26.89,234100
2251,2011-04-08,27.25,27.37,26.79,26.88,187400
2252,2011-04-07,26.97,27.6,26.954,27.01,304100
2253,2011-04-06,27.59,27.65,26.87,26.97,549700
2254,2011-04-05,27.47,27.77,27.4,27.57,326900
2255,2011-04-04,27.43,28.0,27.21,27.7,513600
2256,2011-04-01,29.25,29.4,27.37,27.51,1516100
2257,2011-03-31,29.0,29.1,28.8051,28.97,254200
2258,2011-03-30,28.81,29.08,28.4,29.01,202300
2259,2011-03-29,28.71,29.0,28.52,28.69,147100
2260,2011-03-28,29.21,29.25,28.6,28.67,192500
2261,2011-03-25,29.29,29.32,29.0,29.09,201900
2262,2011-03-24,29.0,29.3,28.73,29.25,466400
2263,2011-03-23,28.77,29.1,28.46,28.99,529200
2264,2011-03-22,28.15,28.82,28.11,28.75,491300
2265,2011-03-21,28.0,28.32,27.79,28.14,394200
2266,2011-03-18,28.0,28.1332,27.64,27.78,711300
2267,2011-03-17,27.9,28.06,27.7,27.82,427700
2268,2011-03-16,27.5,28.04,27.37,27.7,491800
2269,2011-03-15,27.16,27.8,27.04,27.56,720200
2270,2011-03-14,27.3,28.05,27.01,27.95,507200
2271,2011-03-11,26.9,27.89,26.9,27.77,415100
2272,2011-03-10,28.0,28.19,26.9,26.95,1441000
2273,2011-03-09,28.48,28.5,28.09,28.39,426100
2274,2011-03-08,28.3,28.5,27.9,28.44,418800
2275,2011-03-07,28.09,28.49,27.785,28.38,519500
2276,2011-03-04,28.21,28.21,27.62,27.93,412400
2277,2011-03-03,27.91,28.6,27.838,28.12,768800
2278,2011-03-02,27.93,28.15,27.45,27.59,861300
2279,2011-03-01,29.59,29.59,27.79,27.867,1093700
2280,2011-02-28,29.5,29.77,28.85,29.59,1035900
2281,2011-02-25,28.42,29.5,28.01,29.43,2222900
2282,2011-02-24,26.5,27.63,26.23,27.52,958700
2283,2011-02-23,26.25,27.3,25.65,26.39,1291800
2284,2011-02-22,26.98,26.98,25.9,25.97,653600
2285,2011-02-18,27.42,27.75,26.81,27.11,860200
2286,2011-02-17,26.51,27.44,26.32,27.31,833900
2287,2011-02-16,26.31,26.7,25.75,26.32,793200
2288,2011-02-15,27.9,27.9,26.14,26.21,1408300
2289,2011-02-14,26.5,28.2,26.35,27.84,1706300
2290,2011-02-11,27.1,27.19,25.75,26.32,1090700
2291,2011-02-10,26.0,27.14,25.18,26.87,2210500
2292,2011-02-09,24.48,27.58,24.42,25.51,5430700
2293,2011-02-08,24.16,24.48,24.02,24.47,388000
2294,2011-02-07,24.0,24.34,24.0,24.3,305800
2295,2011-02-04,23.83,24.08,23.77,23.98,430800
2296,2011-02-03,23.22,23.89,23.22,23.78,443600
2297,2011-02-02,22.86,23.37,22.72,23.25,364700
2298,2011-02-01,23.08,23.11,22.9,22.95,324300
2299,2011-01-31,23.01,23.01,22.43,23.01,495700
2300,2011-01-28,23.01,23.08,22.65,22.97,324500
2301,2011-01-27,23.27,23.2934,22.87,23.15,211700
2302,2011-01-26,23.0,23.23,22.9617,23.19,249900
2303,2011-01-25,23.0,23.035,22.8,22.94,107300
2304,2011-01-24,23.1,23.35,22.95,23.1,157400
2305,2011-01-21,23.08,23.23,22.9,23.2,250000
2306,2011-01-20,23.14,23.35,22.9,23.0,201700
2307,2011-01-19,23.53,23.67,23.12,23.2,299500
2308,2011-01-18,23.73,23.91,23.45,23.59,204500
2309,2011-01-14,23.43,23.89,23.36,23.8,299400
2310,2011-01-13,23.93,24.0,23.33,23.54,303700
2311,2011-01-12,24.05,24.24,23.7101,23.94,379400
2312,2011-01-11,24.41,24.46,23.9,23.98,372300
2313,2011-01-10,23.6,24.45,23.42,24.26,343700
2314,2011-01-07,23.6,23.8475,23.53,23.8125,288900
2315,2011-01-06,23.51,23.76,23.26,23.6,310900
2316,2011-01-05,23.71,23.94,23.28,23.75,502000
2317,2011-01-04,23.69,24.15,23.63,23.82,505600
2318,2011-01-03,23.02,23.85,22.88,23.75,576400
2319,2010-12-31,22.65,22.99,22.65,22.86,269700
2320,2010-12-30,22.51,22.97,22.5,22.73,339200
2321,2010-12-29,23.15,23.15,22.63,22.69,192400
2322,2010-12-28,22.25,23.2,22.25,23.04,481400
2323,2010-12-27,22.29,22.62,22.29,22.43,237500
2324,2010-12-23,22.02,22.55,22.01,22.42,406200
2325,2010-12-22,22.17,22.31,22.01,22.1,504300
2326,2010-12-21,22.25,22.295,22.02,22.2,486300
2327,2010-12-20,22.11,22.32,21.795,22.2,429200
2328,2010-12-17,21.94,22.28,21.78,22.11,636300
2329,2010-12-16,22.92,23.16,22.0,22.035,861100
2330,2010-12-15,22.75,23.4,22.54,22.86,411200
2331,2010-12-14,22.95,23.42,22.65,22.95,376600
2332,2010-12-13,22.92,23.29,22.57,23.01,436100
2333,2010-12-10,23.47,23.6499,22.9,22.97,388600
2334,2010-12-09,24.35,24.4,23.3,23.53,305300
2335,2010-12-08,24.71,24.77,24.0604,24.23,231300
2336,2010-12-07,25.06,25.06,24.39,24.79,133900
2337,2010-12-06,24.4,25.16,24.2,24.82,192900
2338,2010-12-03,24.07,24.45,24.01,24.4,162200
2339,2010-12-02,23.91,24.34,23.91,24.34,177900
2340,2010-12-01,23.95,24.33,23.9,23.91,350500
2341,2010-11-30,23.53,23.83,23.42,23.79,397000
2342,2010-11-29,23.5,23.85,23.22,23.63,198700
2343,2010-11-26,23.73,24.57,23.36,23.5,95700
2344,2010-11-24,24.49,24.49,23.1,23.88,533700
2345,2010-11-23,24.5,24.9,24.5,24.69,104600
2346,2010-11-22,24.9,24.95,24.59,24.8,151000
2347,2010-11-19,24.71,25.3,24.274,25.02,327900
2348,2010-11-18,24.55,24.8,24.39,24.71,142100
2349,2010-11-17,24.75,24.775,24.33,24.4,120000
2350,2010-11-16,24.12,24.94,24.08,24.6,482000
2351,2010-11-15,24.1,24.5,24.05,24.34,136700
2352,2010-11-12,24.58,24.79,24.1,24.15,127000
2353,2010-11-11,24.6,24.93,24.35,24.71,145900
2354,2010-11-10,25.0,25.18,24.61,24.84,159100
2355,2010-11-09,25.0,25.18,24.56,24.92,499300
2356,2010-11-08,24.67,25.0,23.98,24.87,587400
2357,2010-11-05,24.09,25.0,23.98,24.654,474200
2358,2010-11-04,24.45,24.45,23.8,24.01,456600
2359,2010-11-03,24.06,24.25,23.6,24.0,229500
2360,2010-11-02,23.69,24.15,23.2301,24.11,279600
2361,2010-11-01,24.03,24.5,23.13,23.59,269800
2362,2010-10-29,23.92,24.1906,23.92,24.01,195000
2363,2010-10-28,24.18,24.2399,23.56,24.0,166400
2364,2010-10-27,24.0,24.21,23.9,24.17,228400
2365,2010-10-26,24.6,24.75,24.0,24.23,161600
2366,2010-10-25,24.62,24.98,24.25,24.37,329600
2367,2010-10-22,24.04,24.61,23.99,24.54,454800
2368,2010-10-21,23.88,24.06,23.42,23.91,243700
2369,2010-10-20,23.2,23.92,22.91,23.73,394200
2370,2010-10-19,23.2,23.5,23.07,23.13,432900
2371,2010-10-18,22.45,23.49,22.351,23.2,467600
2372,2010-10-15,22.69,22.69,22.22,22.48,250500
2373,2010-10-14,22.3,22.84,22.18,22.63,287000
2374,2010-10-13,22.48,22.8,22.1,22.21,714000
2375,2010-10-12,21.06,22.38,21.0001,22.23,608600
2376,2010-10-11,20.9,21.43,20.57,21.06,279200
2377,2010-10-08,20.57,20.99,20.5,20.85,168900
2378,2010-10-07,20.83,20.9399,20.322,20.6,176900
2379,2010-10-06,20.8,21.1,20.55,20.83,179400
2380,2010-10-05,20.47,20.93,20.32,20.83,385200
2381,2010-10-04,20.57,20.69,20.02,20.39,271400
2382,2010-10-01,20.25,20.68,19.83,20.6,480700
2383,2010-09-30,20.97,21.0,19.6,20.2,1710100
2384,2010-09-29,21.35,21.4697,20.76,20.78,298300
2385,2010-09-28,21.03,21.4691,20.84,21.31,204900
2386,2010-09-27,20.66,21.31,20.38,21.07,397100
2387,2010-09-24,20.8,20.95,20.53,20.61,237000
2388,2010-09-23,21.06,21.22,20.58,20.58,319600
2389,2010-09-22,21.61,21.84,21.2,21.33,256100
2390,2010-09-21,21.93,21.98,21.38,21.52,298500
2391,2010-09-20,22.29,22.4,21.42,21.86,379500
2392,2010-09-17,22.3,22.85,22.25,22.46,404600
2393,2010-09-16,22.34,22.66,22.01,22.3,327700
2394,2010-09-15,21.9,22.56,21.9,22.34,245800
2395,2010-09-14,21.57,22.66,21.52,22.17,375100
2396,2010-09-13,22.18,22.18,21.36,21.83,237700
2397,2010-09-10,21.79,22.2482,21.701,21.94,136100
2398,2010-09-09,22.51,22.51,21.51,21.8,214400
2399,2010-09-08,22.22,22.58,21.81,22.05,263000
2400,2010-09-07,22.23,22.23,21.71,22.23,188100
2401,2010-09-03,21.75,22.43,21.55,22.17,233400
2402,2010-09-02,21.79,21.91,21.03,21.67,143800
2403,2010-09-01,21.06,21.9899,20.95,21.62,257000
2404,2010-08-31,20.51,20.98,20.41,20.91,110300
2405,2010-08-30,20.87,21.17,20.35,20.62,273200
2406,2010-08-27,21.36,21.42,20.25,20.87,378500
2407,2010-08-26,21.76,22.28,21.25,21.28,213900
2408,2010-08-25,21.29,21.83,21.25,21.67,242700
2409,2010-08-24,22.5,22.67,21.25,21.79,762400
2410,2010-08-23,22.78,23.2,22.78,23.0,279500
2411,2010-08-20,22.91,23.01,22.63,22.87,326700
2412,2010-08-19,23.43,23.65,22.8,23.0,655000
2413,2010-08-18,22.88,23.18,22.5,23.11,361500
2414,2010-08-17,22.87,23.15,22.46,23.12,329500
2415,2010-08-16,22.79,23.22,22.73,22.79,190700
2416,2010-08-13,23.1,23.36,22.8,23.0,322000
2417,2010-08-12,22.94,23.55,22.7,23.31,515200
2418,2010-08-11,22.86,23.17,22.38,22.95,578900
2419,2010-08-10,23.89,23.89,23.0,23.0,396600
2420,2010-08-09,24.0,24.19,23.53,23.97,436800
2421,2010-08-06,24.25,24.356,23.12,23.8,1221700
2422,2010-08-05,26.26,26.26,24.24,24.8,1554200
2423,2010-08-04,27.3,27.5,26.65,26.71,412500
2424,2010-08-03,27.34,27.63,27.15,27.25,254100
2425,2010-08-02,27.14,27.63,26.68,27.54,356600
2426,2010-07-30,26.47,27.19,26.32,26.6,220100
2427,2010-07-29,27.0,27.21,26.3,26.67,296200
2428,2010-07-28,27.05,27.22,26.57,27.15,131300
2429,2010-07-27,26.41,27.65,26.25,27.19,537900
2430,2010-07-26,27.0,27.1399,26.11,26.5,631200
2431,2010-07-23,26.89,27.19,26.63,27.15,233300
2432,2010-07-22,26.9,27.6,26.75,27.03,322600
2433,2010-07-21,26.11,27.08,26.11,26.61,854200
2434,2010-07-20,26.24,26.7,26.0,26.08,490100
2435,2010-07-19,26.93,26.93,26.06,26.49,306000
2436,2010-07-16,26.26,27.15,26.215,26.45,708700
2437,2010-07-15,27.2,27.25,26.1,26.5,642100
2438,2010-07-14,27.87,27.87,27.13,27.34,885100
2439,2010-07-13,27.38,27.97,26.92,27.85,877900
2440,2010-07-12,28.75,28.84,26.67,26.8,1194500
2441,2010-07-09,29.22,29.3299,28.66,28.97,448600
2442,2010-07-08,29.05,30.32,28.45,29.01,2176300
2443,2010-07-07,29.8,30.43,29.17,29.23,583700
2444,2010-07-06,31.4,31.4,29.7,29.8,805200
2445,2010-07-02,30.25,31.0,30.02,30.86,483700
2446,2010-07-01,32.25,32.5,30.0,30.31,1023200
2447,2010-06-30,31.99,32.65,31.65,32.55,402400
2448,2010-06-29,32.25,32.3,31.27,31.76,622300
2449,2010-06-28,32.47,33.05,31.76,32.78,718200
2450,2010-06-25,33.3,33.35,32.07,32.07,640100
2451,2010-06-24,33.49,34.18,32.76,33.29,1600800
2452,2010-06-23,33.0,33.5,32.0,33.48,1029400
2453,2010-06-22,32.38,33.15,31.81,32.69,1008800
2454,2010-06-21,31.66,33.0,31.01,32.04,1066900
2455,2010-06-18,31.45,31.6494,30.76,31.01,1132200
2456,2010-06-17,32.35,32.48,31.25,31.5,1467700
2457,2010-06-16,32.37,32.79,31.97,32.07,2158800
2458,2010-06-15,32.8,33.75,32.3,32.49,17022500
